Traveling Salesman Problem Specification

Visit 200 cities. Distance table:

0.000000,89.127784,19.433867,48.856211,55.995723,78.813854,54.026273,85.272324,66.099003,76.539373,86.270255,44.842076,34.519917,39.379214,65.391566,89.650787,100.040717,46.830488,98.371292,19.166580,79.308521,98.117563,9.768447,47.075005,72.938400,15.762015,61.026644,27.557339,95.456683,65.745547,76.576939,67.692386,68.819024,42.057640,32.296301,40.212996,69.534620,50.389729,56.874705,43.567253,85.995908,74.606172,10.785547,84.122268,62.643517,100.931073,72.158758,93.159894,31.449365,26.592387,44.646050,65.572358,18.910204,71.955983,49.861460,87.246575,59.452119,39.086791,56.037085,59.258886,78.533729,34.394375,61.544197,82.295739,73.944950,19.672840,80.341102,44.922319,33.893349,90.162575,86.573653,42.468023,54.817368,59.849287,13.889623,81.974218,44.373925,27.667053,34.642252,81.101601,51.957170,10.492506,56.471124,52.559981,46.615220,54.858527,75.935891,37.145342,72.887262,52.547665,48.620975,82.071434,85.600631,68.508978,57.160136,15.972969,39.073943,71.764652,15.612278,24.629755,59.522854,59.836826,88.656014,18.292617,23.233117,101.778437,52.749389,56.075264,94.274137,92.344584,6.302822,48.292933,32.667899,52.747326,82.600183,63.945759,3.961400,74.372432,38.028623,77.294211,39.749916,70.305426,55.423530,90.845033,74.708240,15.151628,68.700545,76.123615,42.747137,79.730357,56.319828,54.474182,68.066542,21.506940,69.779103,54.292788,66.465430,56.779779,57.118403,20.142001,49.531553,66.987135,46.565458,87.549109,64.691382,66.511033,33.844876,76.859395,53.114642,79.125900,42.397811,46.605120,23.368544,47.437948,110.065879,67.160268,67.512413,31.205108,25.360822,5.838708,38.693249,49.389472,23.683296,19.486337,70.574850,13.248595,5.516104,73.501026,104.593365,31.305178,71.041235,40.212279,42.682168,40.287323,71.959366,15.535829,77.408899,59.542576,42.755052,33.225206,43.309090,11.436444,44.245381,71.738366,33.723326,46.529514,57.607220,34.806343,77.604838,22.190218,63.012258,26.853486,45.372057,19.624966,34.078405,84.171037,38.248114,64.461136,39.941883,56.622093
89.127784,0.000000,78.883132,47.016125,34.650902,92.387587,118.602124,80.725237,107.465060,66.404200,33.936920,54.189758,59.922502,49.749737,94.356941,62.229184,82.526120,46.483545,85.752920,69.966782,27.133791,78.933504,89.951836,50.151379,87.488080,83.192198,29.015704,63.798056,88.810455,39.616640,101.178945,26.278473,75.769739,107.754629,100.824542,108.486176,63.965498,108.944062,86.636187,45.565737,63.903475,20.516099,80.860620,72.412383,119.757107,96.471136,99.251933,4.623298,66.884147,87.482355,95.567583,110.412327,84.803702,75.294790,66.057114,30.944405,31.861004,50.071660,33.441426,30.097060,12.226207,64.931110,46.420197,17.872879,39.787262,69.481174,31.646409,55.832757,73.519295,10.120122,4.153098,92.339117,34.923230,31.864771,81.236701,23.848484,75.774752,95.435018,61.473436,26.898177,38.051831,79.024426,36.354257,72.543371,68.741767,114.935845,25.176052,62.383756,80.564392,59.949184,61.424129,54.954227,86.002124,53.560835,38.836222,86.705785,55.996425,105.978573,74.597190,79.658908,61.115910,29.351170,89.559170,73.412261,65.935069,85.735137,93.491313,94.344132,6.665411,92.713467,82.944914,116.266223,87.743308,38.589582,84.011496,103.288516,88.534314,76.956006,60.238037,19.881568,57.914006,95.603419,94.941465,54.266810,88.304748,92.372240,21.437284,23.181798,46.841156,59.115419,122.909303,80.102482,49.849500,78.007791,72.752760,38.041131,24.652748,74.618037,113.467737,71.296112,107.724196,26.140081,66.841716,50.234369,71.542017,29.623668,58.158870,90.009276,41.769171,66.125193,46.737533,46.504290,66.033248,47.582509,96.341830,25.383698,36.016058,89.151984,76.927817,84.463059,67.368127,46.893165,86.598618,69.669849,21.329501,99.992017,85.594562,89.865444,93.784727,59.623105,108.002556,77.017687,115.385076,55.924646,44.283729,81.619663,38.242075,105.131174,105.693434,84.019333,48.192565,79.494206,97.583251,79.973027,66.882159,111.527867,46.336489,84.924492,53.796061,68.259710,120.080467,99.649266,49.021392,72.948346,90.272746,38.610182,111.168598,98.860843,50.036515,32.608950
19.433867,78.883132,0.000000,33.850340,44.273025,60.110707,46.307221,65.860238,51.051292,57.258294,70.215828,46.098568,36.051054,31.750102,47.719528,70.754314,80.613773,33.011812,78.945212,17.505595,64.459119,78.719793,27.962582,31.361333,54.055188,29.879975,53.445336,15.550025,76.104431,49.562371,59.030217,54.668848,49.418556,33.752446,24.473726,33.219707,50.313260,39.502264,38.574837,35.142271,66.938709,61.694479,9.441111,64.732858,52.343090,81.726532,54.699681,82.412194,13.722039,12.213280,29.854427,51.409017,33.775855,52.534846,30.587375,71.629243,47.307649,31.957331,45.638965,49.013946,69.840960,39.352889,44.405331,68.991771,57.218720,16.558140,64.687621,47.036877,43.237519,78.003207,75.733509,26.906251,44.040146,47.472596,26.536374,67.577706,25.096913,18.522837,37.409417,66.210017,40.872451,12.898274,51.586805,33.140805,27.231994,45.108800,61.722366,19.570872,53.594086,33.791909,29.846054,63.562783,66.314702,50.093234,53.876334,31.975239,39.620162,55.555099,10.653389,5.868109,40.494566,50.961574,69.451392,24.349720,18.292404,82.344663,36.104689,39.258564,83.143883,73.193959,17.552947,41.890467,47.494153,40.433868,63.292813,48.201835,16.021515,54.964863,41.016592,64.091028,23.200019,52.450383,38.817186,72.562461,55.828555,13.797370,57.522189,62.320190,32.617361,60.874155,49.788362,35.471251,50.090672,2.073104,50.345272,41.364615,59.170754,37.407459,46.025306,24.707381,38.384299,60.695681,27.287534,69.559803,45.257608,52.691313,33.297461,58.036843,38.834323,59.878394,34.043806,32.902327,16.831026,45.713227,90.688786,60.565721,51.899606,46.620823,36.071729,20.148609,19.636265,34.247687,38.948850,18.104684,58.499747,23.522538,13.935720,54.800019,85.234210,30.205361,55.359968,21.047159,38.738922,24.464804,54.632113,28.617628,60.814859,45.008233,33.029743,46.761503,30.712738,21.364688,30.310367,52.437258,15.378783,38.335490,40.887548,48.524014,59.151589,12.930474,52.723790,21.566018,43.733020,7.451873,19.289922,67.467218,34.124054,47.683392,29.222858,46.768826
48.856211,47.016125,33.850340,0.000000,13.790156,56.348979,71.721465,52.371894,63.529853,38.523956,37.432862,39.608825,35.683490,18.920501,52.478160,46.575162,62.785839,3.924153,63.245416,31.983464,30.743183,59.832137,53.421266,3.193014,50.160253,49.820030,28.086881,21.329178,63.031511,17.135590,61.772022,21.317184,39.652213,60.738701,54.000462,61.495190,32.098354,62.258794,43.271188,17.291170,44.359370,28.227474,38.635759,47.052756,73.608185,70.410549,58.687771,49.991135,20.584748,40.817083,48.996820,65.909411,52.990222,41.079041,22.035744,38.407784,15.501145,19.903903,17.275491,20.003758,40.258085,42.276145,14.821102,35.261197,25.629763,30.851437,31.489459,41.595263,50.982380,44.682705,43.427725,45.676583,15.462793,15.310958,46.676097,33.750950,29.877088,48.808189,38.090018,32.517292,12.944037,38.448764,31.742913,29.264716,23.487885,68.300049,27.872269,15.501625,45.210333,17.486328,16.823266,37.586522,55.679101,25.213299,36.211650,53.307859,35.347944,63.857284,33.253467,33.383661,23.079186,23.916291,59.531801,39.300299,27.769186,65.441122,48.308195,49.810004,50.406915,63.446784,43.638041,69.254015,62.510386,10.005352,52.767877,59.469503,46.934907,43.581211,39.952050,30.442368,11.103318,55.186337,50.188749,44.975493,51.566049,47.642441,25.840868,28.504027,13.475803,37.308163,75.984279,36.766409,22.967856,32.536888,38.074083,9.424522,33.054689,32.839179,67.174285,37.663490,61.029299,35.966875,21.556207,40.975218,34.276176,18.945841,31.676197,53.776771,5.272616,40.237362,17.368002,4.292966,26.720804,34.145203,75.797665,35.354095,18.657448,62.851978,48.875552,45.939385,20.426070,0.653335,56.976568,32.033784,25.777796,56.916381,44.042298,52.145425,71.163936,30.403286,65.275863,30.404796,68.474691,9.431472,24.660797,48.040543,28.894218,60.067656,58.701555,59.831596,8.112051,42.732243,50.893548,44.194483,20.106074,64.541240,10.479961,61.422140,33.277630,26.759846,73.949370,53.291700,33.316476,29.680443,43.257059,35.649101,64.349850,55.894429,13.033836,19.099072
55.995723,34.650902,44.273025,13.790156,0.000000,68.512111,85.023983,62.260487,77.274045,47.571427,34.691423,33.570903,33.462191,18.036133,65.906320,52.011956,70.448352,12.145033,71.757394,37.223417,25.582779,67.178515,58.480908,16.935534,62.545295,53.094476,14.970473,29.449512,72.502394,19.390444,74.790564,12.131209,51.445824,73.702375,66.365295,74.242742,42.110351,75.747283,56.887326,14.048517,50.948620,18.741338,46.903616,55.765067,87.280329,80.154545,71.915098,38.142708,32.343117,52.964292,62.580752,79.690352,55.584189,52.344933,35.567741,34.465752,3.573521,18.750572,4.221914,6.263621,26.714839,39.943496,22.066984,26.512828,26.927775,36.468572,28.366446,35.662799,49.216191,34.239565,31.462792,59.224833,3.037059,4.195102,50.470441,27.284935,43.660348,60.880370,35.707755,27.302156,4.241530,45.585625,20.659559,42.742627,37.245020,81.804718,21.363331,28.232869,56.947165,30.438152,30.395262,42.734628,66.258824,33.098510,25.489203,56.710152,31.367266,77.385772,40.800921,45.050067,34.736425,10.524554,70.130542,42.542651,32.933856,73.367300,62.098256,63.577113,38.928345,73.927251,50.079624,82.254032,62.430098,4.040618,63.530821,73.196661,54.893398,54.680578,36.344151,21.541352,23.784798,68.355321,63.968433,48.072662,63.824819,57.858237,13.249413,20.963209,13.375340,44.074595,89.218255,50.333783,29.789355,43.361673,49.367489,4.544464,19.471176,46.029973,80.818282,40.551715,74.514625,22.599579,35.306850,43.575424,46.232542,12.324666,30.145557,65.944822,9.439031,48.711385,15.000494,12.097214,32.630056,26.820984,84.105630,21.893598,18.204315,63.241342,49.472362,51.959163,33.878619,13.929924,58.654446,37.051612,14.595427,65.959870,51.928821,64.663024,79.947416,30.235989,78.894738,44.042129,80.979942,21.647285,28.372806,51.359865,28.997247,73.857753,71.828498,59.204449,13.560366,47.626297,64.409177,56.024932,32.561670,77.670164,18.994605,60.573512,39.078367,34.260434,87.625196,65.021158,26.799041,38.598666,56.236621,34.935681,76.685516,69.512668,16.061340,6.068364
78.813854,92.387587,60.110707,56.348979,68.512111,0.000000,53.882729,17.423993,27.953811,26.970746,62.472084,94.026365,87.203954,72.883976,16.064374,38.902852,31.527879,59.892269,27.131244,73.687849,65.720369,32.185503,87.954956,54.028115,6.433252,89.671900,83.482301,63.316521,21.522514,53.570434,11.618189,68.575610,17.158095,52.669924,55.720363,55.525040,28.433105,45.260732,22.108950,72.754472,34.516085,72.386249,69.550866,24.803168,46.753227,23.882530,13.252139,93.187760,53.571682,53.011273,38.777089,31.934693,93.575122,17.101240,35.879227,65.674675,68.418536,73.780062,72.619623,74.538236,90.925778,92.911006,47.690280,74.897114,52.742569,72.318288,61.848551,95.797000,99.673096,85.036037,88.234619,39.094952,70.978241,67.768482,86.218948,69.438144,35.473886,55.983953,89.399587,66.415612,69.007539,72.778834,88.064532,29.472414,36.784160,48.043967,67.211787,51.001988,11.894486,38.939863,40.620691,40.761522,12.696661,38.859021,92.560465,92.013327,88.565754,21.115055,69.089737,54.418573,33.776767,79.011011,13.095557,82.156513,71.541312,31.211345,29.035605,26.031811,92.368648,15.445150,77.662815,56.810986,106.830528,65.594033,11.863854,25.425704,74.971071,15.524855,92.275653,72.547597,52.777090,11.700198,27.102625,47.263184,4.824958,66.323756,76.094664,69.224239,68.586560,35.559240,57.701887,24.764365,42.613549,58.140058,19.769939,64.074062,87.635070,24.936035,43.866379,81.670511,44.762082,90.976257,38.090753,48.530539,22.279607,64.821472,83.213818,2.573830,59.248023,28.260660,72.472835,60.204940,69.666517,89.645600,35.023137,90.189551,56.981892,106.214701,94.168707,80.255616,45.195565,55.911470,98.691021,74.150982,73.700215,76.762828,73.575708,5.316072,29.590793,80.781762,24.140117,39.181060,61.918789,54.590656,48.145208,88.252276,54.860027,31.747358,49.628018,105.515371,62.784528,81.005376,40.628067,12.640612,50.892998,52.434401,49.734721,107.290183,39.958063,66.447433,46.844133,60.322046,88.463134,63.911843,46.615075,57.139417,61.137596,20.602880,66.576807,74.506715
54.026273,118.602124,46.307221,71.721465,85.023983,53.882729,0.000000,69.416958,26.848362,70.812100,99.525990,92.369774,82.182541,76.864692,38.416966,86.233323,84.936410,72.886080,80.871892,63.377923,97.605605,84.977783,63.235132,68.544857,51.625225,69.684650,97.133652,60.656494,75.403237,81.616969,44.402345,92.435784,57.194567,12.607168,22.427179,13.866191,66.721850,10.264571,38.631904,79.585714,81.455181,98.887105,51.674710,73.942773,10.934072,76.959055,41.041121,121.283714,53.526819,34.324887,23.412505,23.400137,72.936382,60.262535,53.990942,102.023719,87.185810,77.261039,87.627475,90.832989,111.737535,84.796365,74.688720,104.809914,86.298239,62.617367,95.821443,93.236593,86.873483,115.059237,114.869043,26.415730,85.824121,87.029613,67.314387,101.377988,43.441026,28.176755,83.359685,99.055106,82.706848,55.876061,96.818119,49.195963,50.641399,5.840453,96.552561,56.828231,57.053873,60.240675,57.846458,83.393779,66.054443,73.435347,99.602888,69.940518,85.895801,34.782752,56.209474,42.424088,62.317064,93.842380,66.976092,68.559233,64.596220,84.959665,29.119094,30.478190,121.440916,69.077064,57.457962,6.214975,86.566808,80.990465,64.226557,28.529400,50.609117,61.195649,86.998623,100.554701,61.248230,42.200499,29.391218,92.323077,52.749534,39.316133,97.562303,97.881872,76.239133,78.599066,4.475664,43.270825,75.740284,45.883032,60.337808,81.010981,102.756809,49.522972,10.163811,69.536887,11.357330,104.870074,52.405370,91.437275,57.303166,89.378605,79.585696,53.635913,76.904994,73.359243,78.620993,72.954037,63.125311,91.905810,88.511734,104.556726,85.004750,84.965668,78.651038,58.918200,51.295663,71.788644,77.629399,63.976396,97.273773,43.562709,51.546278,50.270568,83.246357,76.494113,32.155193,41.642633,13.333059,63.426652,82.058643,69.205785,89.741351,22.137202,13.492928,87.251371,72.476950,63.216353,21.203817,56.453189,52.710510,7.977850,73.297578,88.828121,80.210192,59.167714,11.185851,27.309526,89.957857,53.749187,29.046447,95.056386,16.531863,33.324437,72.856982,89.153614
85.272324,80.725237,65.860238,52.371894,62.260487,17.423993,69.416958,0.000000,44.688379,14.930807,48.524167,91.879520,86.722874,70.785330,31.048528,22.280486,15.961443,56.257511,13.183235,76.327301,53.592244,15.568329,93.599842,50.861342,17.813925,93.753288,76.835256,64.908920,10.811561,44.503081,29.041659,59.410999,16.464909,66.251319,67.369127,68.898554,20.331057,60.052187,32.880975,69.644610,18.414455,61.838755,75.050553,8.622745,63.296732,18.042184,30.287785,80.854358,56.154940,61.614898,51.110877,48.698479,97.563987,13.342605,36.598694,51.795327,61.292858,71.752054,66.482230,67.715005,81.211883,92.982392,40.208556,62.867431,41.228142,74.933171,49.191532,93.824590,100.778006,72.406534,76.626492,50.445415,65.083739,60.522341,90.251803,57.006971,41.032187,66.319449,89.069568,53.931879,63.784978,77.577343,82.799213,32.720236,39.135201,63.649848,55.979701,52.021861,13.301476,36.819771,39.883050,26.274142,5.731525,29.433294,87.559094,96.554463,87.185005,38.364929,73.136600,60.762037,29.762887,72.313168,8.869692,84.914798,73.361079,16.897816,41.900333,39.568642,79.742376,12.078086,82.897283,71.565317,109.870785,60.148492,5.571409,41.646084,81.700179,10.902711,91.464659,61.406099,52.341892,27.924843,40.700474,31.085049,16.852212,74.815847,67.168237,58.093209,65.700012,21.653665,73.489904,32.008502,33.078929,63.789614,15.796814,58.221750,80.146822,28.537358,59.724420,84.013923,59.358714,83.694005,39.676825,33.154428,20.841013,55.773208,82.630770,16.545095,53.819371,14.649118,69.644546,56.615392,71.603915,86.507326,24.939176,82.793086,47.423887,109.598601,96.519247,85.565426,47.726502,51.805666,102.463913,76.690934,64.173113,85.751900,79.791810,19.411908,19.643770,80.658148,41.365451,45.293167,75.863238,53.612439,37.127091,92.158723,42.483237,47.510048,63.146827,107.998634,59.971220,85.174457,53.297412,14.281338,53.448649,66.830698,43.464839,109.736407,26.929877,69.090837,63.423917,71.154691,85.681579,67.881437,56.591130,43.226973,74.353343,36.393541,64.476022,68.308006
66.099003,107.465060,51.051292,63.529853,77.274045,27.953811,26.848362,44.688379,0.000000,49.518876,82.585960,94.202248,85.257389,74.913887,14.688122,64.076439,59.470560,65.997834,55.064821,68.016173,83.053530,59.971755,75.862254,60.469435,27.183388,80.066757,91.436652,60.805985,49.313730,68.070531,17.637998,81.503673,35.842242,29.356967,36.035667,32.334524,47.363959,20.175806,20.830154,76.355586,59.341310,86.967781,59.519442,50.607154,18.806599,50.283382,14.719269,109.290245,51.278131,39.984721,21.543310,4.010218,83.838424,38.240946,41.906037,85.497733,78.453475,75.597387,80.777155,83.519859,103.055205,89.623805,61.118652,91.462859,70.454682,66.853063,80.209586,95.571390,94.246129,101.963933,103.424751,24.183766,78.949071,78.046032,76.970137,86.938583,34.113357,38.933614,87.029897,84.198162,76.208904,63.565335,93.557128,35.023166,40.042125,21.108424,83.172517,51.820302,33.874977,47.710859,46.962859,63.281224,40.564157,56.293404,97.321653,81.470564,87.941788,7.960536,61.627629,45.386677,46.663211,87.405955,40.936267,75.390418,67.487341,59.135814,15.947442,13.790336,108.971477,42.667073,67.167440,30.909978,97.836042,73.531201,39.207638,4.178152,62.161921,38.389997,90.452734,87.974484,55.442216,16.769732,13.592519,71.390409,27.883110,51.331248,88.030729,84.883632,72.347992,58.089825,30.258273,27.392591,59.429973,49.617553,39.294593,72.789168,96.564886,32.927523,16.693725,75.636698,20.191891,99.368705,41.974413,71.488396,37.959949,77.953745,81.782920,28.225034,68.023668,51.701057,75.675112,66.195587,65.662157,91.710654,61.901499,98.808450,71.680051,96.694262,87.086954,69.379011,45.165945,63.350773,88.972120,68.590030,86.704026,59.802553,61.813336,25.314874,56.744661,78.847758,5.651760,35.169391,37.157247,57.701526,65.814872,79.048889,73.448837,6.723685,26.833307,97.498765,67.233911,71.991700,21.872573,33.618731,49.270770,27.478609,61.235629,99.235934,61.007396,61.723505,18.891773,41.647195,90.060817,57.333593,32.323970,77.558669,37.758118,9.206158,69.405765,82.567764
76.539373,66.404200,57.258294,38.523956,47.571427,26.970746,70.812100,14.930807,49.518876,0.000000,35.508797,78.124215,73.715821,57.309120,34.832272,15.527711,24.635839,42.447320,24.722817,65.205487,39.364057,22.076802,84.075141,37.410069,23.582985,83.161483,62.011966,53.495436,24.931357,29.573216,37.484830,44.493787,13.820877,65.053937,63.940030,67.329619,7.117632,60.736984,32.185437,55.784986,10.836647,47.116505,65.902019,8.545278,66.801894,32.599069,37.023735,66.827215,45.770545,55.580303,49.443103,53.352566,86.846983,11.304923,26.682595,38.722102,46.463662,58.289096,51.786708,52.899486,66.388199,80.152877,25.512262,48.639016,26.657195,63.833543,35.215622,80.117410,88.363133,58.510426,62.273261,47.818376,50.447476,45.680914,79.694802,42.947062,34.282599,61.624527,76.101320,39.884728,49.322117,67.845227,68.189746,25.553079,30.092863,65.388017,41.415077,40.844955,16.192163,24.859861,28.510784,14.037685,19.736022,14.554095,72.984082,86.213748,73.778075,44.991778,63.022340,52.883250,17.489316,57.497656,23.453012,73.666208,61.822738,27.078866,41.739859,40.428159,65.864043,26.953796,73.325482,71.692606,98.405437,45.666633,17.608773,45.737640,73.273760,11.745879,78.251806,46.838768,40.256529,33.722055,41.480784,21.899962,23.772299,68.065634,52.248098,43.507770,51.991061,8.761932,75.178542,28.410713,18.156789,55.209635,10.505355,43.657858,65.237392,22.808263,62.057897,72.536099,59.813177,68.793699,29.981861,22.136403,13.992900,40.846814,69.634554,24.914382,39.430098,2.750321,55.891888,42.814731,60.184476,72.451513,37.278918,67.886305,32.508133,98.339111,84.830406,75.980011,37.884431,37.921716,91.535409,65.498481,49.292914,79.080453,71.028051,25.951269,32.679294,67.912073,47.716369,38.465281,74.736809,41.159958,22.367636,81.483551,28.304440,50.399670,62.025543,96.236773,46.411514,74.814685,51.817303,16.141293,43.206167,66.651262,29.029271,97.934515,13.025663,58.186063,67.005415,66.721656,71.753716,57.900158,52.133517,30.172189,72.375432,40.369451,51.122726,53.590053
86.270255,33.936920,70.215828,37.432862,34.691423,62.472084,99.525990,48.524167,82.585960,35.508797,0.000000,67.579353,68.145032,52.143245,68.220709,28.479060,48.666322,39.839163,52.094518,69.110533,9.956016,45.078004,90.676394,39.266043,58.654952,86.427714,43.093497,58.762010,55.584322,20.672801,72.675634,23.661871,47.500829,90.861737,86.474047,92.414529,35.438217,89.290614,62.654114,48.492455,30.686534,20.473535,75.928419,39.937441,97.952828,63.092655,71.689458,33.111165,56.496569,74.554778,76.259506,86.104039,89.284713,46.039071,45.980051,3.271868,31.401900,52.974363,37.469917,36.129356,38.400999,74.634104,26.262176,16.874133,13.497560,68.061364,6.336235,69.646094,83.907580,24.550485,30.162618,73.592292,37.382684,30.615943,83.480657,11.049246,56.682176,82.247584,70.398784,8.785471,38.707503,75.880399,51.634090,50.345933,49.690623,94.811198,14.553183,50.682521,51.289035,39.992554,43.200889,22.252968,54.104618,26.447228,56.175991,90.000899,65.984107,79.299166,70.679123,68.433287,37.238487,39.624994,57.371760,75.779509,64.804600,51.874324,71.271371,71.096467,31.707333,60.162246,81.058955,98.784529,97.016825,36.130301,52.572290,78.512292,84.231299,47.074792,70.958999,18.278032,47.101124,68.177801,71.953554,20.329918,59.065729,83.747070,29.250782,16.109977,46.747658,27.136306,104.000684,56.834291,23.802493,68.614108,44.102856,33.974705,43.306599,50.607732,92.310459,73.944399,88.170835,46.772725,48.214262,16.387494,44.640836,22.383432,64.744202,60.362677,33.587365,34.498463,49.310781,40.118691,63.940132,60.525231,62.421855,45.718929,18.790572,97.744383,83.849899,83.329115,52.633243,36.887268,92.760619,69.096784,25.318500,93.689636,81.373583,61.068326,60.007319,64.572557,81.782962,59.530955,99.890926,46.170659,17.472828,84.653121,9.890437,81.929633,88.205702,93.852598,43.889685,79.878161,78.582549,50.992168,55.111996,93.697511,29.363472,95.243597,22.522954,64.191123,98.219022,87.213534,60.880970,66.922593,74.499158,5.344670,96.431681,73.434107,48.312083,38.426630
44.842076,54.189758,46.098568,39.608825,33.570903,94.026365,92.369774,91.879520,94.202248,78.124215,67.579353,0.000000,10.512480,21.238798,86.678109,84.917980,102.229638,35.690260,102.839438,29.184316,57.888900,99.173097,41.353258,41.028897,87.622634,33.079406,26.388917,33.420001,102.591601,52.548454,97.317112,43.942772,78.218953,79.780825,70.226017,79.030506,71.677903,85.437134,76.805158,22.344006,83.310137,48.601063,41.689210,86.642545,98.235854,109.891086,93.564250,58.784159,42.991206,58.251858,74.537701,95.406196,33.341334,80.068046,58.152542,66.827729,36.451890,20.307351,30.218841,31.492637,42.014058,11.854296,53.452065,55.695080,60.450805,29.813912,61.373011,2.092097,19.444460,59.324088,53.218013,71.234849,30.613180,37.292512,32.515190,58.590040,61.286353,64.313595,10.227003,59.436315,30.246548,37.897737,17.986119,64.847016,57.663572,91.152611,53.323116,43.624818,83.702466,55.670443,53.472293,75.659105,94.907172,64.453875,15.587685,36.045771,6.478703,96.883131,36.333492,50.575184,62.245820,28.549793,98.718260,26.553923,27.822721,104.953389,78.292324,80.857961,60.580955,102.667964,38.888890,87.724995,33.645630,33.704667,91.922298,90.679183,46.265995,82.642568,7.192992,51.453487,41.286949,90.437239,80.798569,81.556586,89.205834,55.170511,39.806581,52.253634,26.184954,76.273497,95.730246,71.173997,61.710509,46.721603,77.099586,35.996010,29.621434,69.221604,91.811763,24.792039,84.285040,28.171607,56.139640,77.096000,72.829399,45.421275,12.809121,91.506710,39.247103,79.775327,22.251442,35.325500,29.403998,7.149996,115.384466,28.846277,51.739803,35.173581,24.417891,39.056678,50.108453,40.205091,33.765788,28.600302,43.410781,57.973408,43.968890,89.297348,110.772749,15.898401,97.493501,59.274797,83.790479,39.435749,61.493756,31.972910,62.562257,88.979476,79.128012,29.879492,31.916685,33.414724,75.487568,82.607957,45.193484,84.392188,49.413732,30.738925,71.690752,33.436960,98.615062,66.352144,6.771929,38.701760,64.766230,68.362692,79.106114,88.593888,27.597318,29.155698
34.519917,59.922502,36.051054,35.683490,33.462191,87.203954,82.182541,86.722874,85.257389,73.715821,68.145032,10.512480,0.000000,16.905802,78.657867,82.186986,98.235062,31.855568,98.350848,18.831569,58.967669,95.380036,31.826375,36.344571,80.770762,23.990942,30.964052,24.665061,97.526422,50.844623,89.567593,45.145142,72.147095,69.578406,59.937498,68.737316,66.931389,75.531410,68.787639,19.848778,80.042028,50.844160,31.213340,82.254290,88.363312,104.558566,85.644676,64.388594,34.568798,48.258540,65.070574,86.233188,25.046839,74.309757,51.494471,67.894586,36.840554,15.941455,31.119759,33.343110,48.116002,6.653284,50.358662,58.418066,59.229946,19.567972,61.813925,11.083756,15.800711,63.638792,58.319747,61.837918,30.885823,37.588123,22.848721,60.330641,53.233599,54.053914,2.406803,60.650980,29.458523,27.389508,24.048034,57.749863,50.448473,81.159424,54.606528,36.217399,77.498074,49.951309,47.235554,73.091521,89.252130,60.884150,23.458019,27.290184,4.612127,88.416519,26.006507,40.821964,56.975305,31.697540,92.980895,16.249271,17.977331,100.784663,69.460822,72.186093,65.962540,96.945342,28.475309,77.425058,29.120592,32.332158,86.203943,81.885727,35.803447,76.921765,5.212956,53.758330,34.693753,82.677429,72.039916,79.892967,82.422136,44.678695,42.696987,53.913366,22.589067,72.991641,85.461114,63.530060,58.600175,36.831993,71.417318,34.616677,35.452769,62.267920,81.996638,14.387959,74.400075,34.925297,49.115603,75.619098,66.841396,45.786403,4.092847,84.741611,36.714818,75.628588,19.215004,31.484617,19.709734,13.465521,110.900246,35.370689,50.762452,30.117978,17.043675,28.790513,42.340499,36.328183,26.702110,18.238151,45.829264,47.573216,33.469888,82.276150,106.038714,6.508618,88.830830,50.797135,73.362772,33.187767,59.468880,22.647406,61.818924,79.785658,69.038225,25.779593,27.575777,23.145193,65.880028,76.365182,37.002821,74.206830,46.078487,27.116923,68.867970,23.736224,88.743634,55.943154,11.539816,28.762945,55.017413,68.104787,68.679952,80.157592,22.698294,30.649847
39.379214,49.749737,31.750102,18.920501,18.036133,72.883976,76.864692,70.785330,74.913887,57.309120,52.143245,21.238798,16.905802,0.000000,66.255901,65.304492,81.680932,15.034962,82.021565,20.217190,43.449157,78.747873,40.801487,19.949967,66.498884,35.087383,22.114783,16.350265,81.537241,34.048674,76.620274,30.162801,56.980690,64.628010,55.936615,64.504740,50.695659,68.736708,56.451854,4.245495,63.242332,36.603509,31.587021,65.852825,81.213209,88.763465,73.015960,53.812559,24.045595,42.764789,56.647606,76.530521,37.549209,58.842294,37.055911,52.216237,21.603058,0.983480,17.017693,20.067130,39.332437,23.552476,33.479255,44.380231,42.511604,19.758118,45.817218,23.111356,32.528902,51.268163,47.261278,53.234180,16.107929,22.217565,32.550066,45.309109,41.158430,50.047974,19.306050,45.199925,13.797513,29.372952,19.980590,43.903086,36.848025,74.709898,39.351414,23.242973,62.467919,34.433038,32.279430,56.191460,73.702969,44.123782,22.873504,38.703342,16.468960,76.877687,25.259410,34.537659,41.076702,20.480585,77.504591,24.598121,16.236184,84.305788,58.985474,61.265954,54.986146,81.458104,33.201001,73.044683,44.986604,16.012954,70.707607,71.174214,38.918707,61.422224,21.032025,39.460480,20.339404,69.775676,61.340937,63.026323,68.059791,44.111716,29.683277,38.999341,5.693754,56.185132,80.680698,50.538527,41.738534,31.551819,55.879941,18.195881,27.777131,48.186728,74.672695,22.572121,67.526060,29.020028,35.224518,58.786920,51.590615,30.089516,13.032444,70.352433,19.845787,59.104066,3.121232,14.662546,16.544435,17.028319,94.581186,28.954417,34.196629,45.631542,31.707707,34.791323,29.903312,19.554393,40.706491,19.926838,32.037770,50.597605,36.011608,68.227949,89.851392,12.441510,77.741277,39.750012,70.407825,18.353957,42.589136,33.363984,45.241833,70.214913,63.372080,41.975308,10.898901,30.056333,57.973988,61.376297,25.728837,69.030909,29.223386,43.459581,51.984154,19.428189,81.583494,53.315261,15.645483,24.731609,48.009976,51.678315,65.828722,68.608254,6.358983,17.357926
65.391566,94.356941,47.719528,52.478160,65.906320,16.064374,38.416966,31.048528,14.688122,34.832272,68.220709,86.678109,78.657867,66.255901,0.000000,49.499236,46.527311,55.422451,42.559556,63.100885,69.214957,46.586963,74.876966,49.622014,13.234647,77.598096,80.555833,54.036431,37.308317,54.751871,11.312063,68.808424,21.169545,36.605964,40.021769,39.466272,32.849888,29.366913,9.881153,67.027459,44.743963,73.850604,56.993009,36.257641,32.523050,39.914230,7.055877,95.913128,44.098479,38.929844,23.076677,18.536197,81.490853,23.563554,30.444688,71.192267,66.653417,67.048188,69.684306,72.162205,90.811873,83.759988,47.961563,77.863789,56.426205,61.800985,66.136001,88.253568,89.561384,88.339809,90.261585,23.872588,67.898800,66.156927,74.250725,73.091045,25.441128,40.832065,80.666187,70.270550,65.406771,60.616296,83.672016,23.213454,29.601447,32.624575,69.657825,43.111726,19.354778,35.561151,35.658793,48.606452,27.693500,42.136721,87.780884,79.583642,80.726156,11.645642,57.599702,41.857369,33.241098,76.312767,28.933834,71.211322,61.682415,46.640164,13.401591,10.182913,95.463438,31.506958,65.064672,40.938064,95.183241,62.404360,25.810105,10.981136,61.458560,23.816336,83.856815,74.637718,46.015851,5.019140,11.190299,56.711070,14.336571,51.940776,75.716702,71.460149,62.877166,43.406401,42.447924,15.846224,45.439601,45.912500,24.627808,61.363618,85.373881,20.023966,28.677029,71.052166,28.803948,88.403826,31.390907,56.810671,23.615012,65.154325,74.878215,15.373221,56.485367,37.033835,66.508634,55.670430,59.792529,83.282849,51.079839,87.753767,58.361554,94.339719,83.236991,67.546242,36.570119,52.197086,86.666117,63.624398,74.042735,61.949354,60.423076,11.888003,45.625224,72.149446,13.714451,28.065796,45.877023,48.151887,51.744658,76.328789,59.281353,16.470148,33.567549,94.280319,57.363392,69.063267,24.771718,19.014271,41.665218,36.448501,48.640195,96.053737,46.415206,56.152837,32.683153,44.879317,81.825597,52.692766,31.912506,63.125017,45.082654,5.576988,60.282159,71.536298
89.650787,62.229184,70.754314,46.575162,52.011956,38.902852,86.233323,22.280486,64.076439,15.527711,28.479060,84.917980,82.186986,65.304492,49.499236,0.000000,20.343135,50.344093,23.618190,76.480427,35.776208,16.754818,96.514033,46.426882,37.180969,94.665746,64.880281,64.760454,27.422519,32.621751,50.313252,45.348364,29.055126,80.573497,79.244377,82.830419,21.159977,76.203586,47.642655,62.932553,4.787748,45.632454,78.882728,14.105452,81.846521,34.739613,50.678530,61.587296,58.288473,70.299567,64.964582,68.000893,98.176006,26.122302,40.445236,31.666056,49.926372,66.279433,55.984718,56.176648,65.067726,88.809864,31.828426,44.598358,25.927105,75.162935,30.966993,86.989778,97.556680,53.025681,58.320403,63.293706,55.047059,49.066471,91.283057,38.529014,49.149038,76.679218,84.592585,35.582922,54.795480,80.353960,72.299256,40.562810,44.166143,80.752889,39.259974,52.835599,30.202801,37.103448,41.031510,9.283079,27.991550,21.790580,77.144943,97.919267,81.464082,58.821778,75.307315,66.867422,30.273653,60.591646,30.607555,84.631933,72.711119,23.546013,57.212131,55.785946,60.176445,32.770750,85.872050,87.208520,108.760135,51.248098,27.388429,60.479734,86.625466,25.690998,86.239912,44.412332,51.262705,47.688724,56.856736,8.985128,36.897316,82.361903,52.805329,41.348740,59.662629,9.926311,90.575093,43.918282,23.607348,68.759476,25.907408,48.984626,66.900060,38.195140,77.319268,83.259377,75.295452,70.533922,43.688474,12.106345,29.478270,42.250122,78.218020,37.408108,45.772175,12.893255,63.305082,50.713650,71.251940,78.556334,34.293595,69.530027,34.247416,108.939000,95.086194,88.476791,51.120048,45.923950,102.584070,76.690696,49.205074,93.305569,84.192649,39.354845,31.559627,76.969400,61.695897,53.203928,90.250912,51.629280,23.644779,92.928836,25.488815,65.486646,77.549282,106.244285,54.676580,86.665846,67.340866,30.485035,55.932474,82.173212,36.120064,107.869264,13.320344,69.853315,82.032911,81.805070,78.239280,70.408080,67.320826,23.619034,87.837926,55.076137,59.607798,57.569033
100.040717,82.526120,80.613773,62.785839,70.448352,31.527879,84.936410,15.961443,59.470560,24.635839,48.666322,102.229638,98.235062,81.680932,46.527311,20.343135,0.000000,66.701967,5.169123,89.689174,56.102835,3.592915,108.007117,61.891151,33.385996,107.522365,84.104928,78.023633,11.304609,51.312542,42.678630,65.045313,31.813680,82.170363,83.301910,84.836128,31.664290,75.771086,48.842394,79.907852,19.741901,65.819145,89.596322,16.245814,78.254523,16.306367,44.780009,81.754819,69.946885,77.163873,67.070813,63.458536,111.252627,28.468092,50.468299,51.793301,68.777178,82.663896,74.577159,75.171187,85.317959,104.711542,48.884012,64.938117,45.648767,88.308861,51.302859,104.254978,112.984350,73.201498,78.641269,66.391406,73.438822,67.938813,104.038492,58.868504,56.231668,82.127804,100.628387,55.926056,72.731746,91.832746,91.053693,47.646890,53.467958,79.129364,59.487696,65.270233,29.240060,49.389215,52.914320,28.688580,18.941149,37.791639,95.901560,110.492903,98.131589,52.537519,87.160920,75.770648,42.018101,79.697723,18.865256,98.193328,86.390965,3.209133,57.820498,55.412714,80.269967,18.561440,97.254153,87.318845,122.994189,69.087453,20.753702,56.765291,96.587751,26.342819,102.687474,64.698501,64.868259,42.923420,56.543904,28.477133,32.190741,90.242124,72.653763,61.591767,76.250293,26.391985,88.911956,47.748220,40.753495,78.542007,30.337162,66.935435,86.544799,43.772286,75.087300,97.107059,75.118444,90.175234,53.706238,32.298434,35.391127,61.744491,94.164088,31.379094,63.104842,22.606930,80.098286,67.073099,84.727319,96.283942,14.013630,89.194912,53.477181,122.892247,109.441251,99.922030,61.768438,62.163533,116.006627,90.000160,69.172067,101.231125,94.530355,34.667764,11.484537,92.502654,55.566316,60.520034,91.758258,65.795629,42.645645,105.868493,45.628771,62.873905,79.066799,120.859415,70.791454,99.079747,69.251572,30.182847,67.309556,82.646301,52.822979,122.560726,31.593302,82.593426,78.352734,87.007966,95.728118,81.964513,72.398381,43.930310,90.303558,51.676619,75.576694,76.276440
46.830488,46.483545,33.011812,3.924153,12.145033,59.892269,72.886080,56.257511,65.997834,42.447320,39.839163,35.690260,31.855568,15.034962,55.422451,50.344093,66.701967,0.000000,67.169108,29.273346,32.478386,63.738142,50.838322,5.895751,53.650981,46.816364,25.442346,19.324780,66.931695,20.076558,64.976629,21.659792,43.327077,61.568035,54.353586,62.141934,36.002080,63.656282,46.032525,13.388522,48.211391,28.688897,36.923063,50.976776,75.306422,74.292238,61.773597,49.734773,20.413218,40.998810,50.549725,68.222363,49.870354,44.844240,25.032256,40.555459,14.622591,16.017489,14.978560,18.030968,38.852160,38.468250,18.526669,36.074323,28.650848,28.224507,33.723698,37.673686,47.250397,45.001586,43.089793,47.174926,13.139944,14.653542,43.762310,35.201610,32.034133,48.954894,34.262259,34.271832,10.234074,36.350293,28.384733,32.256453,26.060501,69.717597,29.194059,16.088943,48.881229,20.954418,19.842438,41.295734,59.504861,29.089544,32.732396,50.348321,31.437857,66.679017,31.238317,33.229499,26.855986,21.517442,63.351050,36.217774,24.976751,69.362628,50.535476,52.223167,50.325585,67.274361,41.368861,70.117634,59.001418,8.106483,56.577308,61.989808,45.167709,47.364457,36.064709,31.132583,11.640624,58.317446,52.536217,48.477901,55.092122,46.776511,25.067257,29.556943,9.552836,41.155462,77.074559,39.617332,26.746780,31.895448,41.843281,8.466485,30.677424,36.036045,68.819809,34.497668,62.422984,33.378756,24.170808,44.386832,37.934961,19.880368,27.874087,57.323895,6.301012,44.159496,13.445364,0.372441,24.107796,30.289584,79.721650,32.842702,21.096496,59.408203,45.409020,43.565977,21.837312,4.538652,53.711743,29.268466,25.602149,55.589881,42.233094,55.586904,75.083130,26.714064,67.983315,32.091241,68.940226,9.512293,28.069562,45.035838,31.754390,62.250727,59.683603,56.246338,4.397323,40.043092,52.337090,47.848090,20.458023,65.525421,14.225613,57.815148,37.030301,24.640377,75.655248,53.231621,29.424069,28.130935,44.096146,38.450913,64.692345,58.619620,9.323285,16.680997
98.371292,85.752920,78.945212,63.245416,71.757394,27.131244,80.871892,13.183235,55.064821,24.722817,52.094518,102.839438,98.350848,82.021565,42.559556,23.618190,5.169123,67.169108,0.000000,88.894377,59.008185,7.856940,106.598889,62.101035,29.616967,106.516131,85.776674,77.340003,6.199589,52.939791,38.017336,67.140632,29.619927,78.634509,80.248772,81.360103,31.423477,71.910771,45.643224,80.497047,22.072196,68.396138,88.082164,16.197437,73.870847,11.530739,40.346039,85.197237,68.880106,74.786546,63.768535,59.029569,110.296391,26.419460,49.301213,55.284134,70.313483,83.000607,75.936743,76.747195,87.948225,104.741331,49.873086,68.017268,47.926013,87.504624,54.269701,104.836295,112.804360,76.635619,81.800180,63.299884,74.704211,69.492924,103.019054,61.961525,54.195420,79.383518,100.727734,58.963257,73.786156,90.514402,92.415787,45.813027,52.042331,75.044623,62.153027,64.486326,26.321344,48.863640,52.191678,31.168609,14.879422,38.732683,97.245944,109.387269,98.489643,47.953691,85.982923,73.903458,41.570250,81.315770,14.174698,97.454459,85.766624,4.088255,54.340082,51.778338,83.794619,13.483902,95.873464,83.479607,122.362106,70.127921,17.141060,52.524203,94.825519,24.055934,102.936662,67.456761,64.438505,38.707007,52.904291,32.223908,28.282287,87.997674,74.834810,64.274392,76.713821,28.120882,84.768561,45.147391,41.970480,76.872819,28.659586,68.044695,88.503379,41.694680,70.929698,96.465512,71.308198,92.119286,52.461432,35.723392,33.753605,63.716867,94.263059,27.238521,63.989282,23.142609,80.612907,67.536757,84.051693,97.105711,12.559788,91.160820,55.359355,122.167802,108.903046,98.543261,60.539081,62.641525,115.137954,89.234252,71.478574,98.928744,92.880808,30.673347,8.275755,92.459811,50.976520,58.462622,88.146392,65.527916,44.561475,104.895676,48.259887,58.750426,75.538463,120.363598,71.126379,97.985428,65.886711,27.359053,66.197877,78.899517,53.609499,122.085124,33.529550,81.711219,73.955796,84.172162,96.444405,80.744638,69.663333,47.170461,86.881922,47.550310,75.813680,77.686146
