Traveling Salesman Problem Specification

Visit 200 cities. Distance table:

0.000000,66.439129,38.834650,80.286152,25.256291,50.115185,62.896459,37.902515,22.534865,41.253907,34.925218,15.897104,25.121490,70.585802,74.997785,16.429476,22.946193,14.096072,53.105386,10.439469,15.360163,6.260827,15.060394,72.014136,31.481651,2.535236,57.709819,52.300815,54.029021,69.364932,22.388122,73.906021,13.721268,16.169526,30.169231,58.701980,19.869711,48.772430,53.734281,57.016734,5.143069,38.043873,23.771362,42.387213,16.279656,51.507884,49.199730,69.795694,68.504987,44.601231,70.290834,26.557066,37.259175,17.538736,11.152052,52.610013,29.736430,28.339505,67.802582,69.486825,69.282764,25.647765,14.630607,76.318440,22.684160,42.613774,64.388458,25.702519,36.894608,35.064473,29.866656,17.528413,37.007049,38.749905,55.906319,90.798031,50.579446,46.374430,61.869546,32.530527,60.951511,55.095286,92.580202,65.467256,50.136550,38.697803,50.051957,18.307120,52.597596,34.712429,44.828254,29.406220,42.953350,24.856947,46.838320,34.963757,53.927676,53.737504,45.530585,53.971806,24.939715,9.614108,54.135390,8.280433,68.802200,28.925096,39.644026,72.192281,50.251981,32.122734,67.273984,50.123199,67.613204,63.481263,32.418189,69.948866,51.782422,78.517520,32.616706,8.464773,67.343798,17.260332,29.231713,51.504103,51.462074,72.952862,55.532820,15.304236,50.572020,41.735429,16.792352,38.913992,42.432508,34.066324,59.704808,54.460461,28.801178,24.220430,79.534105,14.022270,59.421056,86.524790,14.790475,73.866036,45.668037,68.014288,25.036180,37.188184,45.676968,16.795177,39.649905,81.162388,45.586190,23.358740,63.250225,42.768768,88.221536,30.695703,70.504934,13.975805,74.153424,41.448887,73.463396,49.976528,74.591881,68.203965,61.024887,26.412985,13.412042,34.793119,53.388899,56.716317,52.808504,46.101038,55.157741,72.622944,38.556210,63.088268,81.597885,70.880099,49.424054,47.372689,16.090593,12.109555,67.867860,53.701302,45.174350,37.691524,18.282567,76.634717,47.589077,19.547926,12.790382,50.867544,27.297892,27.870129,70.833126,39.553855,44.077106,63.454438
66.439129,0.000000,49.228733,56.172790,74.649811,96.080473,102.423762,28.819246,81.415358,25.199350,79.315052,62.748352,69.746240,43.390471,21.695111,74.463583,53.046675,56.839091,58.868888,73.710718,65.817649,60.205208,66.150249,25.087156,57.107584,66.771459,36.338455,64.013722,96.520061,15.798143,86.943312,69.364733,76.839531,55.921411,70.419808,16.867366,82.954683,30.417548,13.644323,29.631903,65.731612,88.406875,77.343310,78.813168,53.285670,37.231165,25.556964,29.113344,10.972850,97.136149,57.916474,66.837214,55.405420,76.931536,75.275993,92.685969,71.499714,39.314152,32.026162,55.629064,22.411899,63.807018,51.866470,43.551174,51.658255,44.726557,108.778953,79.487610,49.787310,77.110812,36.746219,64.728709,66.016506,68.211507,66.256885,67.025267,51.075404,27.040504,94.505838,39.010390,103.946507,91.884322,61.129372,52.043668,38.527850,94.515366,78.022824,59.971100,23.377805,79.690504,45.406184,54.405753,27.705105,84.645551,71.395034,39.588731,33.471082,97.658933,24.864384,93.131309,78.204189,62.576977,31.199307,73.628873,7.858824,80.632132,57.189958,38.349677,85.066260,43.879859,79.562942,23.404940,43.691208,7.177579,83.488178,5.835352,78.120560,63.716154,82.095478,66.967141,105.128978,80.774039,70.939480,95.065874,39.901687,56.947818,21.574359,80.994636,32.486899,25.525849,49.653106,36.319414,93.431596,62.729887,6.745225,68.296867,57.272041,47.335706,49.590721,64.497032,16.236819,65.691955,81.008631,41.017609,32.578340,39.938980,69.931925,76.167881,98.765943,79.258487,51.801122,43.842170,61.404475,66.769641,34.626086,76.189739,65.079816,89.505402,55.289437,52.752114,17.051425,54.164389,12.093372,74.427519,23.737573,54.725237,106.813801,61.479020,62.984891,90.883248,72.826337,99.475021,87.516918,45.798289,29.624293,7.428494,32.445427,45.425070,44.929522,38.912863,19.462765,20.357155,76.871680,77.882363,13.761620,31.166683,83.340888,79.408441,73.865216,29.259331,77.076588,55.888755,77.562184,19.488636,55.429707,57.930244,71.864864,37.684005,93.614283,16.540613
38.834650,49.228733,0.000000,41.595313,30.461349,47.427842,53.209494,33.594693,40.436511,32.798391,31.850762,48.202140,59.158055,33.177312,67.363596,54.599983,15.908638,24.818170,16.477852,49.270554,27.418882,35.361188,27.886557,41.327446,56.504943,37.225467,22.214008,18.747853,47.419115,60.513802,60.358622,36.716672,52.543156,22.714402,23.628785,33.959181,58.541299,19.474072,42.787620,24.952756,42.143733,41.556368,34.405181,29.752380,23.562014,16.423853,23.762849,37.173165,57.115742,50.112067,31.553401,58.693556,6.294579,37.826111,49.924321,43.501367,63.358869,34.862278,68.794016,30.664077,64.296455,19.227137,29.807286,39.357862,16.435506,5.503920,59.621658,63.468126,1.961186,29.323987,31.126576,50.783583,17.049887,19.092610,22.243416,51.963470,11.867714,22.221080,45.711069,41.885777,54.765721,42.671972,54.117580,26.642903,59.284435,77.399840,29.131755,21.588673,50.893593,32.347055,6.792037,52.962609,22.549930,43.448087,22.565787,45.617239,59.164864,48.663384,43.432282,43.911367,62.483190,43.047852,21.886188,46.855077,46.969188,66.346980,8.015356,36.299091,35.846975,46.708118,36.418553,25.869462,29.948770,50.758089,37.702957,54.761866,29.509197,39.871227,35.924436,33.106664,56.032978,55.930329,24.561294,46.108684,15.019691,34.123326,29.065093,52.895181,55.588187,27.896942,29.720208,13.742920,46.229219,14.354747,44.152277,22.713597,54.504715,41.376415,41.602116,47.987288,34.779200,47.711450,48.280773,37.334260,50.941773,31.340297,25.445095,27.745007,51.797696,41.760369,2.771001,44.682682,13.511536,23.215350,28.241200,27.002871,49.386971,69.519042,31.670807,33.514805,47.766887,5.669302,60.532428,25.890913,44.825649,29.374789,57.798384,16.815402,26.884894,73.451508,25.537601,50.338656,38.331125,60.707251,57.715491,56.657224,19.015112,24.866156,44.888910,34.705083,42.978719,40.260490,54.831236,44.792886,58.309596,21.601661,34.249401,31.195178,55.868796,72.757010,27.965369,45.619057,51.291355,45.317713,51.970297,13.251149,35.071022,11.919314,45.941770,37.380626
80.286152,56.172790,41.595313,0.000000,69.042742,75.815161,74.131074,61.957356,79.914546,58.635992,66.325362,87.857264,98.515378,13.362366,77.775947,95.623779,57.359705,66.194605,31.471559,90.687103,68.695220,76.309581,69.161879,31.923713,92.564840,78.775155,25.880108,36.043372,72.993941,71.930819,101.953217,21.337982,94.006614,64.116675,60.830583,41.557349,100.083004,37.468861,60.166844,30.973504,83.246434,75.510931,73.365268,59.459158,64.453403,30.830599,41.148029,27.135031,67.137434,82.613125,12.931706,97.368816,44.704789,78.270881,91.421661,68.700930,102.306558,68.873774,86.950391,12.282166,78.295266,59.223133,69.576366,13.048937,57.628327,37.732822,82.707791,104.165397,43.555980,63.663671,64.428789,90.468717,51.357746,51.700620,34.627516,11.828279,30.386537,42.964271,63.466249,74.314981,78.144189,65.463164,12.860703,15.208986,86.135235,118.566506,52.055319,63.122748,72.529962,66.952415,35.468854,88.969354,46.885812,82.565859,47.694021,77.398863,83.316106,74.940557,68.006345,68.161358,103.096837,83.483875,32.015460,88.394196,49.032014,106.825920,43.299048,17.844089,60.452161,80.140690,39.342327,42.306104,14.659614,62.133076,73.734817,61.457210,50.693567,10.622409,71.729338,74.674756,74.471793,97.469436,62.077133,73.077839,29.841566,9.218224,39.044172,94.488293,80.645463,53.096666,68.824432,44.484016,78.886188,51.466338,55.922530,37.884070,91.144892,77.505883,7.494139,88.091214,41.780433,9.532276,89.644804,15.239466,77.688775,17.086429,64.525460,60.847172,84.201536,82.457109,41.286040,15.641389,40.317294,63.194110,23.393826,56.182076,9.420624,110.874764,10.947987,72.983823,42.111602,40.309076,67.490298,48.114458,34.684454,13.231875,82.599751,57.156729,68.441268,114.591835,43.431774,75.037492,61.482231,90.666704,80.292053,61.569076,48.132650,17.547456,14.703149,17.298490,64.320509,62.517952,96.133982,86.195339,69.810598,32.399517,62.565491,64.107718,96.644739,85.431926,53.076230,83.840039,92.852378,66.237589,88.597966,54.152403,26.965343,42.959037,77.627186,39.910414
25.256291,74.649811,30.461349,69.042742,0.000000,25.832942,37.853729,50.220747,11.001867,51.924217,9.677489,40.964493,50.312819,62.889350,88.730388,40.130953,21.663281,21.056039,37.945672,32.959650,11.638307,27.449654,11.637021,71.429266,55.716704,22.723680,52.673757,34.762409,29.135090,82.249827,38.671283,56.911664,35.053602,20.766305,8.390037,61.907529,39.048230,48.262761,64.559222,54.995862,30.398443,14.803589,4.355606,17.870142,24.168343,46.823848,51.224133,67.538749,80.031412,23.152339,56.961045,51.807472,25.235666,11.131746,32.506320,27.407680,54.912209,44.402059,85.278616,56.936591,84.078562,11.456166,30.147315,69.200394,23.168350,35.907995,40.275071,49.190742,28.823223,10.173276,43.387470,42.755972,18.001505,18.420056,37.715929,77.642035,39.164445,48.855368,36.723022,50.871325,36.392490,29.848017,81.902110,53.931828,70.106443,59.327671,26.722305,15.380001,67.980569,9.456711,37.165514,53.107482,47.144505,13.523131,25.561706,54.241308,72.524009,29.103499,60.072211,28.741519,48.711540,34.504050,51.867017,29.441476,74.346197,52.589266,25.968252,66.584868,25.307746,52.760736,45.899165,52.978748,59.565507,74.035136,9.183083,79.473625,28.650776,64.251819,8.379309,16.947028,42.221308,36.834431,7.092615,26.703810,45.473860,60.330667,57.421586,31.933590,68.854816,49.503593,32.117106,39.293085,19.873517,17.622709,68.472354,35.283350,53.073437,44.820180,70.609771,39.243107,62.732776,72.986159,24.546668,67.410797,63.680196,61.471178,5.050469,12.839197,24.664756,15.385263,29.381062,74.664758,29.055586,7.923365,58.699695,19.106223,75.227419,50.856994,58.203290,32.658158,76.857131,29.336417,84.379506,27.863907,74.786814,55.863235,37.183035,13.952238,15.107394,55.854065,32.303165,31.963441,27.750327,67.891611,72.672835,81.820746,42.286777,54.107977,74.762970,64.940215,62.192423,59.583470,38.458100,21.950758,80.320306,51.529861,20.073716,12.579501,42.463675,92.245762,24.240440,43.184578,32.508421,64.225577,51.188680,17.742627,52.499864,38.584710,20.821511,66.020892
50.115185,96.080473,47.427842,75.815161,25.832942,0.000000,13.893297,74.464910,28.852474,75.547704,17.571702,66.012283,74.488490,74.052453,112.280316,63.058527,45.248248,46.655054,45.764286,55.889306,37.468482,53.094860,37.469181,87.657064,81.267870,47.657062,67.502232,40.319201,5.480672,105.589787,57.336809,57.814916,57.123239,46.079411,26.308436,81.368706,59.351087,66.900526,87.622227,71.780583,55.185234,12.218835,26.364882,17.954060,49.517075,62.827351,70.999492,82.844624,102.845863,10.268060,62.885631,76.428409,41.133850,33.036947,54.967242,8.121934,78.977452,69.752221,110.209856,63.803205,108.133254,33.545634,55.890088,80.213069,46.958962,52.612163,14.443777,71.402397,46.540070,19.284650,68.275752,67.544926,30.380911,28.470389,41.215185,81.262889,50.915119,69.143171,19.031698,76.439725,10.876447,12.446312,88.078407,62.444810,95.733232,78.512604,23.759862,40.396757,92.557004,17.399016,52.818743,78.787184,68.485168,28.065608,28.765095,79.894335,97.875233,4.055964,84.598992,9.386166,71.194351,59.664169,68.871354,52.358563,94.351944,74.788587,39.973223,79.238790,15.450783,78.554282,40.849573,73.033662,70.813244,96.610959,17.697520,101.369601,25.180708,67.934588,17.655891,42.279502,18.506161,57.712432,26.156231,3.418092,60.704518,66.603711,76.490825,52.317139,94.176926,72.201045,57.781093,59.761603,9.172827,33.384697,90.456530,37.948065,78.602990,70.642234,79.705877,64.072229,82.191554,76.583942,44.293623,79.221516,89.009179,73.866753,28.738460,19.912879,11.067257,35.611469,45.184082,85.741103,38.354771,31.947037,73.125509,21.110192,79.280210,70.367585,65.166521,58.486747,94.982281,43.496615,106.787540,27.744345,91.330348,63.145634,11.429676,35.487111,40.922281,75.644396,32.395103,7.087405,15.033373,93.712736,97.765944,103.470067,63.968577,65.242518,85.514088,77.475792,86.080970,83.376985,60.679905,43.150648,103.527813,68.645833,13.803197,16.755633,65.616466,116.471384,22.908373,68.824126,54.225605,88.248555,76.819431,38.616386,52.024818,58.442076,6.873294,84.780894
62.896459,102.423762,53.209494,74.131074,37.853729,13.893297,0.000000,83.475217,42.435510,83.995519,28.480749,78.735002,87.650866,74.850039,120.125833,76.526428,54.704901,57.698492,47.100727,69.317782,49.215668,65.279138,49.296189,90.813030,93.548165,60.388543,70.674863,41.315537,8.970841,113.317914,71.212482,54.131142,70.713480,56.792031,36.031962,86.715895,73.149177,72.280692,95.374870,75.854697,68.024294,25.782610,39.209523,24.391488,60.175088,66.920326,76.895602,85.614380,110.157533,23.537561,61.513686,89.406954,47.118134,46.313179,68.479621,10.738911,92.190851,80.042098,119.544720,62.872838,116.505561,43.254241,67.049904,80.645783,56.455423,57.796397,8.776012,85.033151,52.785126,29.245795,78.032695,80.420146,36.855675,34.495278,40.953925,77.645684,53.681499,75.430226,10.801051,87.003265,5.329374,10.539446,85.559445,62.496885,106.274025,92.399909,24.872085,51.053427,101.634246,28.547876,57.434578,90.870933,75.470663,41.858687,31.368464,90.600950,107.891801,9.839986,93.722534,9.756639,84.779681,72.301613,73.206823,65.765067,99.727164,88.431673,45.233804,80.629674,17.363173,89.685386,35.770065,79.030541,71.824951,103.819549,30.813480,107.971302,25.319024,65.022931,30.330843,54.753483,4.621756,71.453659,36.290086,11.570749,64.505652,65.166428,81.748151,66.074881,104.175735,80.008532,68.740512,66.570298,23.051878,40.579657,97.315890,37.840498,90.912642,81.982992,79.103942,76.917891,87.512755,73.162308,58.043976,80.140666,99.061007,75.355830,39.695390,28.511966,23.858961,49.184846,50.623089,85.991217,41.623328,42.628922,75.787741,26.495226,75.977248,84.237729,64.194951,69.974333,99.109107,48.336098,113.713091,28.871093,94.568913,62.485398,9.997563,44.723981,52.524441,89.510756,32.159321,6.828991,14.937871,104.933101,107.408892,109.851081,71.344168,66.519701,85.591171,78.876056,94.567274,91.822191,74.265609,56.740257,111.164667,73.056476,20.013452,26.413056,79.046379,124.944966,25.437514,80.991004,67.848828,96.826252,88.989552,47.200433,48.124723,64.961340,20.766352,89.580960
37.902515,28.819246,33.594693,61.957356,50.220747,74.464910,83.475217,0.000000,55.021293,4.202639,56.921468,34.406579,42.573304,49.020419,38.638390,45.871887,29.217942,30.118791,48.851914,44.891522,39.797446,31.641929,40.042166,40.910962,32.314772,38.468905,36.131475,52.174165,76.150121,32.374288,58.127549,66.358215,48.029245,29.760375,48.182823,25.684302,54.176836,24.587474,15.832360,31.337983,36.933241,64.872646,52.046919,59.086871,26.597961,32.151311,20.960991,41.058503,30.870325,73.368300,57.380259,40.154473,38.206657,50.161423,46.458811,72.929010,45.104974,10.657679,36.082877,55.534100,33.860857,40.919404,23.570157,52.737025,27.516327,31.930305,88.346494,51.564125,33.002481,55.233340,8.035860,36.576526,47.018662,49.480341,55.486460,73.779834,41.799802,18.993306,77.660219,12.965618,83.802132,73.270277,71.551180,51.028470,26.061690,66.798112,61.405095,34.845332,18.167088,57.147040,33.930016,28.962967,15.163935,58.160553,55.204010,15.572762,25.570576,76.848084,10.250566,73.738103,50.292095,33.783419,29.947817,44.861653,32.400672,53.087358,40.874931,47.348773,66.601448,18.871004,69.781240,20.231893,47.297892,25.598482,59.397392,32.052165,62.168230,65.321395,58.374003,39.484244,86.978835,51.969587,48.312242,74.226984,34.086537,58.271345,24.972368,52.213276,22.002239,8.902372,21.272411,20.903764,69.985346,43.101139,22.085796,56.259014,31.611498,19.442036,57.912481,35.974017,26.134839,70.745617,52.627426,49.842706,17.507543,45.423476,46.150038,55.209401,74.885119,51.886330,36.307671,55.921014,47.058227,42.861220,39.128358,57.232710,71.313923,61.211725,55.901553,24.039025,39.506611,39.254543,35.705128,58.745430,42.292714,54.256858,85.790619,39.054256,36.555025,63.022526,59.023299,79.181609,69.318601,29.035397,24.292607,34.737885,15.560284,45.475465,56.738743,46.770599,12.092067,9.677123,48.152688,49.649132,30.616672,29.559197,63.482610,57.905669,45.463995,42.082426,59.739803,27.868337,48.750074,14.021376,29.315275,36.290475,66.417146,22.989519,70.655180,30.244957
22.534865,81.415358,40.436511,79.914546,11.001867,28.852474,42.435510,55.021293,0.000000,57.391549,17.893759,38.132290,45.856751,73.334402,93.587065,34.213175,28.922100,24.927288,48.925998,27.067529,15.599428,26.974830,15.265698,80.620348,53.985921,20.338029,62.553178,45.748170,33.474826,87.395565,29.634254,67.852314,28.287988,25.561983,19.390070,70.000603,30.950147,57.042825,70.257626,64.282360,27.294217,16.673340,6.651613,27.102913,28.484500,56.525773,59.416120,77.055795,85.684421,22.175523,67.923786,48.018303,35.687823,5.171233,26.115530,33.089403,50.280447,47.473533,88.381033,67.857422,88.438100,21.238042,32.464363,79.609036,30.057156,45.738832,42.635952,42.598390,38.664128,19.570924,47.466308,39.368084,29.003317,29.363849,48.651861,88.629487,49.849154,56.856530,43.808247,53.090941,39.687974,36.466095,92.767082,64.762147,71.722903,50.803022,36.533524,21.650897,71.899607,17.380672,47.222478,51.935732,54.597042,3.241805,36.206427,56.050397,74.934948,32.761737,64.224215,34.601229,42.359547,32.095775,61.150210,23.559654,81.950248,45.996177,36.689612,76.733907,33.413717,53.785385,56.170418,60.984342,70.032778,79.977367,11.953822,85.849529,38.515663,75.251153,13.121013,16.316158,47.035432,29.105963,18.094065,30.869383,55.407271,71.266692,65.789546,23.785454,71.394038,55.905086,34.730854,47.539205,20.389423,28.448329,74.962839,46.142833,51.307154,45.708749,81.264280,35.992752,70.810633,83.979040,15.794615,77.705559,66.294551,71.727666,15.409837,22.642306,23.178550,6.760328,39.677909,85.017580,40.047213,17.224900,68.572346,29.026405,86.207720,42.425345,69.112713,33.904034,85.293657,39.929660,90.306550,38.207776,83.831934,66.766234,39.135440,23.621313,18.545306,47.621504,42.860361,35.825241,35.450648,68.318732,75.645495,88.336052,49.696819,64.653982,85.166437,75.130336,67.108495,64.664859,31.843155,14.310482,85.618281,60.784131,28.040199,21.159865,36.783282,96.302543,34.129298,42.037230,25.413610,68.942950,49.832486,27.252814,63.338038,47.163404,22.298188,74.355581
41.253907,25.199350,32.798391,58.635992,51.924217,75.547704,83.995519,4.202639,57.391549,0.000000,58.098951,38.494758,46.769965,45.557672,36.855331,49.861065,30.494198,32.482504,47.348864,48.635829,41.958101,35.012281,42.236830,36.765896,36.413679,41.655204,32.951845,51.039662,76.948651,30.325857,61.893713,64.060200,51.823315,31.889160,49.245916,21.520460,58.026194,21.569264,12.874789,27.798958,40.584784,66.401660,54.032296,59.626675,28.914491,29.429050,17.491468,37.055621,28.301148,74.996786,54.670120,44.356860,37.879888,52.654224,50.168922,73.571802,49.305611,14.734008,36.047943,52.747261,32.609980,42.083864,26.724797,49.040871,28.865215,30.488298,89.212011,55.701903,32.445698,56.264285,11.606859,40.698885,47.259697,49.692220,54.214741,70.463912,40.026171,15.830050,77.715374,17.025212,84.584981,73.664795,67.913692,48.281454,28.241550,70.948208,61.291844,36.643851,18.099726,58.365524,32.309517,33.097751,12.369628,60.573570,54.938050,19.377099,26.900659,77.751501,10.793305,74.304692,54.432373,37.632973,26.650894,48.449570,28.366323,57.259833,40.410771,43.600772,66.919291,22.887988,68.505523,16.528552,43.991060,22.645083,61.054854,28.832045,61.928042,62.456636,59.920951,42.237886,87.347545,55.775838,49.482337,75.124113,31.544078,55.359961,21.023060,55.821804,23.546065,5.751244,24.484027,19.440275,71.513606,43.435642,18.457612,55.217274,35.769282,23.629235,54.334904,40.005878,21.955970,67.569115,55.877505,46.138874,19.598812,41.915381,47.628924,56.009271,76.549823,54.627247,35.559314,52.063060,46.307040,44.347999,35.576599,57.580698,68.029006,65.279195,53.038851,27.563771,35.326645,38.458416,32.934409,58.416843,38.102420,51.495392,86.781054,40.062063,38.848725,67.159485,58.335968,79.977397,69.598767,32.049818,25.048430,31.457817,13.969769,42.503018,52.903898,43.095933,10.578998,7.845140,52.065555,52.806409,28.408498,26.284403,64.087397,58.862372,49.520017,41.002027,59.759616,32.025224,52.433598,12.832209,33.492385,37.034681,64.451903,21.503134,72.057524,26.054639
34.925218,79.315052,31.850762,66.325362,9.677489,17.571702,28.480749,56.921468,17.893759,58.098951,0.000000,50.580420,59.990303,61.967366,94.901794,49.695781,27.705449,29.385566,34.869940,42.494634,20.742472,36.861895,20.835361,73.076973,65.112428,32.391169,53.377504,30.547266,20.018100,88.254709,47.266021,51.773118,44.445621,28.658431,8.928287,65.286196,48.078594,51.022626,70.326040,56.776986,40.065632,9.776763,12.310010,9.243713,32.087851,48.054996,54.709402,68.675216,85.648635,18.262851,53.688704,61.467776,25.748515,19.941676,41.956222,17.876150,64.589346,52.261610,92.638395,54.045225,90.645992,16.023030,38.711420,68.295329,29.406269,37.300647,31.756096,58.678109,30.627401,2.700599,50.709940,52.408213,15.694594,14.754904,32.841732,73.823801,37.984335,52.643176,27.079242,59.033158,27.527585,20.171768,79.106389,51.668415,78.340285,68.246736,18.790861,22.934312,74.994880,0.636156,37.987137,62.398975,51.614654,19.145093,19.599753,62.542416,80.357440,20.301056,67.037382,19.154699,58.239302,44.109054,53.729557,38.953558,78.122061,62.085314,25.384208,66.406518,15.862000,61.396566,38.608316,56.653845,58.630893,79.470907,7.640596,84.458372,20.782887,60.258777,5.662437,26.574421,32.745213,45.980893,8.619709,17.756262,46.259936,57.266731,60.531931,40.896601,76.653965,54.951757,40.499288,43.100403,14.390083,17.511983,73.484105,29.953716,62.488372,53.601448,68.879972,48.895055,66.115702,69.098833,33.173761,66.848009,71.491373,61.102633,11.330263,5.563374,19.947625,23.804289,30.027356,73.851160,26.160603,14.448925,59.286470,11.534571,71.539158,59.798003,55.377799,41.534620,79.562540,29.025907,89.720880,20.938343,76.625861,53.120640,28.969897,18.078633,24.045453,64.892749,25.849503,22.966362,18.186005,76.620921,80.204501,86.649513,46.957550,53.023343,73.805007,64.685220,68.601659,65.910827,47.900799,30.950935,86.223701,53.450348,10.524091,3.266383,52.064622,98.960537,16.470054,52.540107,41.804872,70.749287,60.532017,21.427399,46.786126,41.978654,14.313353,69.016215
15.897104,62.748352,48.202140,87.857264,40.964493,66.012283,78.735002,34.406579,38.132290,38.494758,50.580420,0.000000,10.972650,76.647009,66.791260,11.969143,33.077520,24.921033,64.039856,14.206798,30.250271,14.386426,30.050565,73.792431,16.126049,18.369538,63.186995,64.326899,69.893590,62.066629,25.809235,84.767905,16.184509,26.845958,45.046071,59.075985,21.248030,52.578147,49.180547,60.818126,10.871061,53.929969,39.664301,57.569079,24.923939,57.388577,51.384042,72.740223,62.270165,60.299256,79.403360,11.195657,48.396400,33.290722,15.952547,68.370415,15.339397,23.762656,57.038088,78.230414,60.536752,39.489085,18.463857,81.748232,32.067889,50.641140,80.275408,17.373022,46.436304,50.510108,27.322117,2.612900,50.608755,52.638541,68.034802,99.078592,59.985154,48.652599,77.311602,24.301383,76.847015,70.703663,99.403770,73.890374,38.132843,32.643734,64.582543,31.203027,44.466206,50.405921,53.035184,14.819442,44.644799,40.164011,60.642157,25.210143,42.923337,69.627430,38.870221,69.704408,16.136523,6.479172,58.366876,16.427522,66.804698,19.407196,51.124153,76.972700,65.577775,21.253713,80.515431,51.654845,74.043175,58.297360,48.315192,65.089594,66.189261,87.795745,48.496305,24.017529,83.155293,19.615878,44.252570,67.378957,58.055124,81.575473,57.072554,22.118363,40.072291,41.126623,19.033119,43.730156,58.260068,47.171906,56.133544,67.085678,13.503153,15.478787,85.841126,2.474165,59.658893,95.145123,26.736219,79.042480,35.837767,73.579574,40.166610,52.399090,61.306345,31.913388,49.735568,86.004263,57.628713,38.009409,68.005009,57.601950,96.487912,26.814131,79.069602,14.898563,73.707960,52.089139,67.400634,63.999822,75.727363,76.901100,76.897287,39.615890,27.484577,28.774918,66.873127,72.599449,68.202105,32.614823,45.011675,67.841278,41.360559,70.310970,86.616614,75.928271,43.792647,42.444847,14.901276,25.527303,60.978836,57.921134,60.641541,53.215953,11.117077,66.961126,62.182829,7.098365,18.214780,44.594075,12.618834,40.001941,82.470066,45.032756,59.944899,63.835555
25.121490,69.746240,59.158055,98.515378,50.312819,74.488490,87.650866,42.573304,45.856751,46.769965,59.990303,10.972650,0.000000,87.058483,70.766721,12.694468,44.034126,35.759872,75.010502,19.064323,40.270366,25.012684,40.017342,83.011766,14.902782,27.652799,73.559743,75.242076,78.714533,66.844846,25.912040,95.740147,19.080606,37.725966,55.145821,67.997384,21.230501,62.678573,56.111768,70.811725,20.026661,62.278979,48.451991,67.485672,35.889201,67.889725,61.061765,82.358676,67.770409,67.860404,90.285364,3.690738,59.347665,41.451608,20.388372,77.543543,4.618927,32.300720,59.075385,89.076355,64.259880,49.984332,29.379125,91.989357,43.039141,61.496895,88.479352,10.779297,57.400687,60.185111,36.361692,8.442499,61.223593,63.178063,78.945125,109.824952,70.922293,58.411189,86.983109,30.758526,85.364825,80.158912,109.888976,84.709038,39.789450,24.890372,74.904053,41.850021,49.310970,59.753457,63.897876,16.153567,54.322024,47.379468,71.228940,30.395828,45.355625,78.262537,45.048081,78.937891,9.604585,16.845070,68.498668,22.405673,74.571519,11.008273,62.060800,87.080430,75.372684,26.070493,91.277177,61.125334,84.543474,64.566778,56.892171,71.374237,76.569535,98.681680,57.325851,33.576604,92.159139,20.866944,54.263859,76.148418,68.677855,92.400752,66.443572,25.350791,43.178252,50.152892,29.789351,54.182892,66.245169,57.888416,63.365062,77.935934,13.422239,23.157960,96.263119,11.657909,68.517695,105.945719,32.100235,89.237046,39.860516,83.899240,50.095718,62.288406,68.691024,39.224313,60.707330,96.073216,68.532003,48.196890,78.172650,67.753716,107.236810,21.413612,89.893155,25.743044,82.061551,63.059756,72.884074,74.523931,84.690433,87.744587,84.991277,50.273528,37.788911,21.478240,77.559412,81.290366,77.928980,32.753535,48.157251,74.109323,51.419145,80.971281,96.728782,86.110502,50.336309,49.455754,16.020350,31.994310,66.075449,68.055163,70.289648,62.800956,10.118311,69.719039,72.469951,15.122406,21.958397,50.707327,14.607786,50.840777,93.426862,55.587456,68.111259,72.675732
70.585802,43.390471,33.177312,13.362366,62.889350,74.052453,74.850039,49.020419,73.334402,45.557672,61.967366,76.647009,87.058483,0.000000,65.079279,85.209271,48.057098,56.576161,28.307834,80.818537,60.543621,66.052194,61.009936,20.384027,80.204973,69.340686,13.508086,33.912625,72.121044,59.041290,92.741825,27.994076,84.204209,54.578039,55.163438,28.264880,90.450074,24.848550,46.814363,17.771477,73.037817,71.612655,67.053741,56.551651,54.387613,19.315148,28.084859,14.993782,54.299054,79.461262,16.267838,85.661047,37.677625,70.970578,81.718123,67.786563,90.652805,56.500056,73.725307,14.061346,65.268347,52.124128,58.734972,6.337703,48.012007,28.363498,82.987894,93.402341,35.077759,59.268113,52.053341,79.240996,46.324697,47.274496,33.896147,25.077170,24.005587,30.091952,64.711885,61.593986,78.190201,65.198085,22.887936,12.587170,72.838525,108.153661,50.829728,54.536471,59.167703,62.561454,26.456668,76.637523,34.124506,76.235089,45.289503,64.550900,69.960178,73.893704,54.721876,67.541710,92.280104,72.748334,19.155301,78.834565,36.597909,95.888058,37.049202,6.420843,59.316142,67.472537,43.015391,29.109111,3.341626,49.079674,68.904468,48.856231,49.892353,20.470257,66.958203,65.861541,76.001922,87.843893,56.306416,71.726920,19.124066,14.180866,25.686811,85.349617,67.311882,40.122586,57.724405,32.917080,75.592516,45.435613,42.727915,37.035929,78.927125,65.363271,9.204972,77.102556,28.523028,22.781140,81.275361,5.294397,64.430406,3.725530,58.032794,56.805433,81.120201,74.935954,33.663115,11.884036,36.095441,56.154341,10.070667,53.248174,22.755801,100.762784,13.210351,61.933201,30.695895,33.571205,55.009255,46.694395,23.722355,13.721913,82.293041,49.814201,59.731303,104.169155,42.760661,74.535070,60.883781,77.520862,66.929719,49.205764,35.907049,8.947070,11.888113,5.000913,50.969257,49.196073,86.038846,77.765742,56.879523,19.568549,60.304036,60.275464,86.004048,72.601451,51.237935,72.141879,83.341850,52.877269,76.406571,46.388081,32.146351,31.679654,74.686820,26.926081
74.997785,21.695111,67.363596,77.775947,88.730388,112.280316,120.125833,38.638390,93.587065,36.855331,94.901794,66.791260,70.766721,65.079279,0.000000,78.703729,67.348296,68.733683,79.013076,79.935316,78.435318,68.866425,78.677625,46.251688,56.200101,76.011552,57.569345,83.803769,113.448141,6.855170,92.524099,90.845669,82.589736,68.396419,86.016158,38.035843,88.030828,50.123999,24.757062,50.817564,72.861276,103.254358,90.674488,95.914937,65.228673,57.665032,44.913027,50.652438,10.971030,111.835415,79.504155,67.294349,73.172666,88.658926,81.658994,109.910410,71.143821,46.738645,15.826548,77.227157,6.599326,78.906113,61.533924,65.023723,65.719822,63.597983,125.747884,81.419264,67.514697,93.001761,46.141162,68.118131,83.273967,85.632368,86.370769,88.439924,71.181165,45.600774,113.071298,42.983367,121.046353,109.661459,82.051331,73.535197,32.039785,95.308543,96.493071,73.392815,22.518436,95.182450,64.706527,54.622328,44.818882,96.695752,89.925917,41.584663,26.043320,114.347803,29.551144,110.543884,80.175220,68.697812,51.998530,80.802848,28.813285,81.669173,75.355008,59.932987,102.844489,45.598438,100.102165,42.760851,65.370354,17.057924,97.881305,16.339601,96.845313,85.409016,96.770422,77.781703,123.223151,86.274201,86.294514,111.721175,60.325843,78.619887,42.330685,87.818146,27.647455,40.174533,59.209084,53.692689,108.367012,79.622675,23.998690,88.115785,57.352501,51.937368,71.051442,69.007369,37.512239,87.276161,89.735919,62.570201,31.087392,61.633969,84.482186,92.585027,113.379397,90.116200,70.089613,64.874320,80.379263,81.199621,56.256463,93.631679,86.569000,92.015939,76.924643,61.111576,36.941391,72.741818,10.667469,93.196475,44.307430,76.290434,123.432418,76.833171,75.176961,92.152995,92.204154,116.465278,105.441471,40.055108,22.742873,16.674072,48.783152,66.915499,65.979674,60.559156,26.567153,29.147479,81.687145,87.075190,9.095571,51.897047,100.426484,95.547578,77.410706,8.004128,95.244738,59.721981,84.030248,24.648662,56.318069,73.674075,93.087233,55.445340,108.908323,38.225765
16.429476,74.463583,54.599983,95.623779,40.130953,63.058527,76.526428,45.871887,34.213175,49.861065,49.695781,11.969143,12.694468,85.209271,78.703729,0.000000,38.734109,29.843902,69.378094,7.229774,31.544319,19.319780,31.198791,84.187095,25.568475,18.674528,71.960476,68.715066,67.555949,74.031686,14.262364,90.210211,6.417714,31.950889,46.075686,69.834139,9.536283,62.016652,60.959272,70.339983,12.457140,50.854956,37.655496,57.849044,31.191324,65.911429,61.455564,82.696479,74.227034,55.864263,86.153110,15.832346,53.505306,30.254341,8.118868,66.756866,16.594525,35.227825,68.540134,85.224863,72.409704,42.019636,26.601629,90.654417,38.184760,57.912022,76.767054,9.297224,52.698867,50.265073,38.411331,10.661347,53.366248,55.036434,72.329059,106.436612,66.447687,58.655443,76.761091,36.258098,73.901100,69.691754,107.639156,81.076012,49.411295,22.963263,65.998375,34.702752,56.422766,49.381350,60.221613,25.417136,54.806745,35.397493,63.112076,37.144597,54.471124,66.939204,50.806667,68.208803,8.638891,12.748846,67.680283,10.792090,78.227329,12.598792,55.965799,86.166520,65.438641,33.114573,83.625024,61.964662,82.397316,70.180169,45.731259,76.957783,67.789830,94.454621,46.400919,24.439936,81.097181,8.469220,45.039263,64.960505,66.212420,88.661499,67.433831,12.656615,51.769634,51.980366,27.954145,52.594321,54.516920,50.489154,67.801898,70.887261,23.331687,27.377234,94.314676,9.983389,70.462718,102.271736,19.633754,88.059394,47.685448,82.377735,40.824738,52.682402,56.598135,27.464333,55.649735,95.211118,61.993393,39.503926,77.157837,58.561850,103.848748,15.799267,86.184647,23.818445,84.788338,57.608510,79.355399,66.166128,86.348688,83.921240,73.220565,42.841171,29.833775,18.981066,69.719928,69.995963,67.863610,43.239732,56.741544,79.707746,51.045753,78.205399,95.742550,84.990746,55.668652,54.234149,3.444528,19.982979,72.947900,67.235524,60.186096,52.704879,2.654166,78.672921,63.512542,19.066609,9.353332,56.524184,23.331046,44.233479,87.234229,53.603879,56.493495,74.625704
22.946193,53.046675,15.908638,57.359705,21.663281,45.248248,54.704901,29.217942,28.922100,30.494198,27.705449,33.077520,44.034126,48.057098,67.348296,38.734109,0.000000,8.911521,31.021825,33.374303,13.670151,19.602187,14.091636,52.223065,43.475482,21.429577,35.679800,31.328886,47.070868,60.777727,44.746071,51.829106,36.665122,6.806139,18.991815,41.079718,42.724938,28.474338,42.974768,36.182469,26.278994,35.928106,24.328442,30.486810,8.170621,29.434114,30.518752,49.119602,58.423329,44.564039,47.438315,43.965668,15.321257,25.049855,34.065660,44.035080,48.401817,25.536299,65.056249,46.572704,62.963357,11.705576,15.359169,53.984506,1.750670,19.794438,59.198176,47.685729,13.984326,26.042543,23.328213,35.593913,19.695450,22.101283,35.045831,67.864272,27.722563,27.936739,49.929868,32.668759,54.720137,44.790230,69.728757,42.523669,51.763228,61.495080,34.616327,7.336775,47.318915,27.939253,21.940167,40.136864,25.762185,32.156491,29.363044,36.379400,53.188094,47.690644,39.361257,44.949772,46.733577,27.513482,33.104222,31.037361,53.112944,50.635261,18.080464,50.235237,38.371543,36.160600,48.038361,32.062814,44.982502,52.388956,30.678588,57.816404,35.829073,55.723372,29.464371,17.875136,58.443548,40.111075,19.094300,45.077072,29.010185,50.030746,36.921884,37.321317,49.472031,27.841999,16.063259,18.721443,41.035675,15.743039,46.818910,34.324981,41.182274,29.289606,56.852816,32.587550,41.889018,63.619879,33.430808,51.679001,44.365368,45.727163,17.163950,26.222241,46.139792,28.318530,16.944181,59.044220,24.691958,13.901698,41.501443,29.116926,65.285244,53.615707,47.574366,19.094515,56.410008,19.088462,62.727419,32.947810,55.276407,45.282537,56.588280,9.982957,11.937833,57.550157,34.888601,50.097861,41.136804,51.242030,52.759160,60.178728,20.861840,40.269146,59.390532,48.802706,40.936472,38.265218,38.922611,29.911416,58.802984,32.702910,34.711452,28.750731,40.080067,71.260651,32.544652,31.583122,35.506523,43.061872,38.771475,8.069971,49.393289,18.586622,41.564667,45.462282
14.096072,56.839091,24.818170,66.194605,21.056039,46.655054,57.698492,30.118791,24.927288,32.482504,29.385566,24.921033,35.759872,56.576161,68.733683,29.843902,8.911521,0.000000,39.681269,24.496342,9.805578,10.893015,9.999359,59.189230,36.992748,12.771847,43.860710,39.525456,49.399119,62.487781,36.182154,60.523676,27.813146,2.108136,21.910073,46.823738,33.944018,35.564156,45.355694,43.645325,17.398378,35.839049,22.178369,34.481927,3.572907,37.626806,36.699262,56.550622,60.763491,43.971845,56.348601,36.033950,23.832165,20.182084,25.244283,46.974628,40.236209,23.382023,64.365515,55.481429,63.725467,15.276405,9.351869,62.381733,8.593994,28.519619,61.033287,38.851834,22.895844,28.457248,22.734777,27.338942,25.906820,28.067403,43.217313,76.764371,36.631560,33.936629,54.419241,29.826605,56.904364,48.488030,78.487722,51.415437,49.092751,52.583573,40.358843,6.829600,47.343580,29.429142,30.732892,33.921889,31.003597,28.095757,35.937302,33.242040,51.476648,49.652325,39.537743,48.102006,37.925674,18.995798,40.665561,22.280831,58.008665,41.851689,26.436476,58.398386,42.605916,32.014971,55.602922,37.921105,53.569941,55.100804,30.122535,61.079571,41.830177,64.627155,29.434204,10.445443,61.787223,31.330849,21.472301,47.132489,37.457640,58.937198,43.146069,28.835814,47.814806,31.337459,11.129073,25.608860,40.869861,22.324035,50.281453,42.178356,34.512952,24.294065,65.480380,24.157631,47.595054,72.529516,25.807659,59.983044,42.641788,54.087127,18.057846,29.576921,45.397814,22.453725,25.806135,67.313952,32.799716,15.073353,49.523228,33.880816,74.183676,44.720815,56.477595,12.487481,62.346674,27.819785,65.413312,39.384565,62.007319,54.189522,58.072517,14.927986,6.446274,48.638957,42.022028,52.351748,45.345856,47.250146,51.707101,63.611848,26.249754,48.998314,67.714185,57.036329,42.210788,39.745274,30.015588,22.346544,60.696071,40.242394,38.205177,31.290802,31.249177,71.728878,38.060506,24.565779,26.779346,44.086081,32.279466,15.084991,57.850978,25.979524,41.877523,51.443121
53.105386,58.868888,16.477852,31.471559,37.945672,45.764286,47.100727,48.851914,48.925998,47.348864,34.869940,64.039856,75.010502,28.307834,79.013076,69.378094,31.021825,39.681269,0.000000,63.443897,39.470442,50.548733,39.917507,43.885893,72.961469,51.152287,24.050598,5.787167,43.852157,72.214018,73.292419,20.844430,66.534308,37.603576,29.608160,42.144890,72.146398,28.890108,55.420644,29.974272,57.009350,44.173342,42.299210,28.478692,39.127045,21.647450,34.117297,38.582208,68.236193,51.601202,19.040568,74.770348,15.874432,47.825373,63.839825,39.525005,79.322951,51.195328,82.626362,19.205201,76.890014,29.142991,45.865798,34.448857,31.972122,16.923597,54.965985,78.493097,17.944477,32.200266,47.309001,66.579954,20.020985,20.233226,7.389468,39.706314,7.834242,33.745950,37.501530,58.115788,50.116906,37.123088,44.288028,16.923715,74.870196,91.756396,22.610092,34.866094,65.119441,35.494717,15.046581,69.427828,35.634627,51.422705,17.002035,61.808238,74.204417,45.600779,58.142156,39.340907,77.590894,58.531148,27.827302,60.642474,54.692211,81.527342,13.498924,33.720620,31.053308,63.087604,21.313294,36.257648,25.105033,61.972466,42.263585,64.681446,21.833480,26.412047,40.257826,46.165272,48.736972,69.581700,30.884526,43.419688,18.986224,22.502111,37.306452,65.871556,70.749452,41.901103,45.979265,27.986004,47.791720,20.724667,55.052305,9.694939,70.931361,57.853535,34.254192,63.608165,42.859979,35.070843,60.084282,33.516442,66.358324,28.382667,33.718718,29.423840,53.231517,52.134045,14.438030,39.980627,8.915895,32.890381,28.781259,25.164427,37.282370,83.595782,20.525504,49.616288,52.698861,11.950752,70.840470,18.473269,47.651839,18.252965,54.097515,27.475384,40.063500,87.879048,15.041157,46.326235,32.739511,76.810248,72.367284,66.092279,33.430917,19.603983,39.772624,31.955891,56.804456,54.208955,69.178593,56.782515,69.943355,27.801375,32.056792,32.747205,70.901357,85.220724,22.930695,61.895805,64.882534,59.134511,68.405794,25.294608,18.620513,25.901210,46.713074,44.087738
