Traveling Salesman Problem Specification

Visit 200 cities. Distance table:

0.000000,47.691227,43.206058,25.879108,24.404081,22.278816,41.326874,26.134346,23.105495,49.671727,44.022055,44.315600,26.315434,5.216550,44.493642,21.254949,29.409169,53.611000,60.869910,37.867524,28.352853,21.146380,66.743995,41.156206,48.920122,45.513573,54.348528,46.655631,38.513700,59.298258,42.489249,31.355831,36.950708,53.882187,67.584505,74.064169,54.935259,42.019828,53.538751,58.861911,49.554889,43.247272,24.021976,45.950478,57.531399,31.890279,49.505009,26.190365,25.801743,50.824720,66.884028,37.693255,32.908281,47.502565,36.614149,75.993765,15.009654,56.059899,68.859697,51.234951,39.115066,14.875022,17.533902,43.815517,12.492074,48.210578,41.352185,44.693917,32.476924,34.637295,33.636619,26.252648,5.494433,48.257624,56.219145,26.597286,22.574661,55.808574,48.947833,37.987483,31.113675,44.476451,24.817258,32.967963,27.830004,29.428314,58.132728,11.072749,54.077833,15.467978,58.174024,56.712483,44.160017,15.209475,16.005834,17.882337,56.374490,66.628022,78.473891,34.961198,52.944106,24.149429,30.168210,54.450574,39.355009,41.056242,45.010074,44.883273,53.229230,42.348925,50.253075,53.157631,52.973798,76.810653,56.918317,46.320862,49.819401,24.964087,37.313366,37.995627,41.238682,62.628982,13.555754,34.786188,37.316847,43.783519,25.288350,61.521631,39.066648,23.425131,37.888237,20.203869,38.632119,17.329892,52.562933,58.874254,22.055744,34.554293,31.230812,27.387547,34.509992,50.806022,13.492952,33.202086,63.121986,30.695772,46.486061,55.347754,58.525631,58.057474,48.103713,34.309791,37.034997,37.282048,37.539613,13.243597,11.144505,6.393290,45.323986,25.384860,67.082645,61.181094,33.234988,34.970151,52.008731,69.202484,26.255788,14.376382,64.294490,37.711434,13.179968,53.299031,31.959031,39.556906,12.746702,43.931148,44.538659,45.945619,30.391405,40.675088,41.719252,53.747144,52.089892,61.644388,45.070323,26.560860,32.302535,42.767184,59.221817,32.173957,27.232142,50.212526,56.259468,39.446360,51.774277,25.968823,25.304333,19.260987,46.522209,23.797353
47.691227,0.000000,5.876239,33.242652,71.932258,26.833300,83.691328,22.676607,47.131067,29.913744,24.994026,91.937922,42.330290,50.362552,91.673785,60.931786,72.977167,88.908858,93.815531,33.699887,51.556262,43.230098,63.373970,88.431155,96.158427,92.091409,99.353367,85.197926,9.375671,65.568618,23.141128,45.094187,61.013224,96.602777,98.766491,106.737111,97.365420,58.722466,50.464460,83.628415,66.566499,18.453150,55.605656,93.333106,89.731540,17.432251,10.843004,73.863710,67.599182,78.762030,103.543463,76.449249,75.759676,93.871863,80.289949,54.699783,62.511526,18.836581,96.240601,35.703946,34.795260,36.116503,34.183238,34.675229,58.368904,64.595282,53.022928,47.237383,79.604188,24.680453,47.909416,28.421204,44.306261,15.224976,97.175788,73.375337,31.655111,93.096729,37.161326,83.190665,48.988016,33.460716,68.357247,46.441330,49.288133,76.540828,44.571919,57.713710,86.017451,32.352234,101.687204,60.788976,3.623047,58.551317,37.057800,29.874045,72.911934,44.891582,56.964256,26.430043,35.862856,47.860042,55.637691,46.368102,65.864337,70.457557,36.766140,11.524697,95.915187,81.729413,53.637301,87.524517,66.706029,57.218702,52.434184,83.999192,81.952679,27.174956,83.901369,41.635323,13.496282,69.835417,54.491459,67.096708,61.125414,15.952558,72.072787,39.504813,76.423017,70.477348,81.503750,63.123551,74.181031,30.849636,28.804017,59.691457,48.079440,65.591958,16.779724,23.584236,73.460076,78.791936,34.239553,72.405754,79.904175,68.362721,42.604237,26.435180,90.720938,35.310204,43.207341,79.332839,78.372376,81.899481,59.612200,46.998460,42.717763,53.846309,89.864278,50.474120,98.295080,98.307887,27.280305,81.801959,65.379180,97.867186,36.249814,39.296270,55.861154,36.272793,57.590379,38.654582,79.542725,37.874588,42.316552,90.304002,89.558219,3.438076,41.787029,12.107797,88.525785,49.412445,71.553840,86.156718,61.621907,39.439706,76.938604,26.462263,93.522288,74.268701,73.097259,73.859148,99.982580,67.762347,41.580254,22.330178,42.705431,62.921098,4.334916,68.099367
43.206058,5.876239,0.000000,27.414061,67.212995,23.534034,78.173932,17.510703,45.072442,32.718181,27.035997,87.237851,36.475907,45.526537,86.750934,57.820235,69.559208,83.084794,87.950098,34.205530,45.705287,41.017431,58.620085,83.549849,91.987178,87.011825,95.846758,79.477542,4.953621,60.195698,17.988627,44.174450,55.137401,91.057592,92.890330,100.862698,91.797609,52.896852,45.367057,77.780320,60.789554,20.576524,49.884072,89.087439,83.863756,11.972721,8.924148,69.384859,62.160513,72.885948,97.721263,70.779024,70.324403,90.002283,74.891671,51.797068,58.161596,17.576051,90.382307,31.165994,29.191528,30.889953,31.078766,29.404651,54.369233,58.818942,47.251349,41.697830,75.451325,24.586647,42.044219,26.572254,40.232469,18.925958,91.521159,68.417495,26.001866,87.310547,39.292147,77.931962,43.111934,28.283681,64.882026,45.673897,43.433452,72.385366,40.256974,52.868239,80.151385,28.168190,98.503605,55.460430,3.036031,54.914943,31.665924,25.327687,67.192111,41.717739,54.157899,20.629172,38.724185,45.902428,49.787368,41.552141,59.990674,64.594178,31.535365,14.383708,90.369826,76.058074,48.205914,81.686226,61.023151,54.132862,47.504999,78.252811,76.094101,24.833222,78.853256,41.812793,14.901950,64.471299,49.214132,65.072676,55.249260,18.302711,67.123916,43.307217,73.963238,65.599574,78.165833,57.816661,71.919669,26.040505,32.208756,54.545519,42.332406,63.678456,13.470236,17.992643,67.817144,72.915814,29.932405,66.781754,74.223048,65.699441,37.301174,23.480763,84.852241,39.005316,38.001479,74.073588,75.373050,76.581449,53.737142,43.800305,37.485526,49.479450,86.411225,44.664317,92.418986,92.505873,21.429581,76.815496,59.695405,91.999057,30.399083,36.102481,51.385753,30.583742,52.494992,41.335726,74.834853,38.479499,36.984618,86.422615,84.248969,2.886030,35.912058,13.114679,83.508627,44.380062,65.752698,80.317732,55.819764,33.580840,71.651810,21.287184,87.672780,71.099653,67.984865,68.001881,96.748910,61.895845,36.766850,17.367948,41.050109,57.675310,3.323687,64.499363
25.879108,33.242652,27.414061,0.000000,45.579717,23.204962,51.800198,13.637567,41.654912,50.820078,44.122510,64.953998,9.185159,25.160392,63.291206,46.490656,55.268877,55.670853,60.656239,44.509598,18.351136,37.864146,44.081287,60.387251,72.382886,62.724109,79.593557,52.266936,24.695242,40.103916,18.187224,46.321217,28.165078,64.478530,65.829576,73.695821,65.121003,27.593364,29.920785,51.584488,36.016220,39.739632,22.787796,69.183701,56.596193,16.490207,29.730433,49.052448,36.424037,45.949600,70.307210,43.775367,44.451680,72.070392,49.143811,50.206347,39.473537,33.802035,63.918673,25.356496,13.432187,11.421151,27.006038,17.993989,38.310673,34.124641,23.291256,22.080654,56.647191,36.146449,16.208363,30.794841,26.564305,41.866848,64.509301,45.309162,4.628865,59.929534,54.174886,52.866249,16.345502,18.600286,50.695463,48.176309,16.108743,53.743247,32.576206,31.484799,52.868529,19.300970,83.813757,36.238884,29.836900,40.978743,9.881462,16.119012,42.977812,40.750464,52.702861,10.207280,56.100866,42.798458,22.424670,29.572311,32.876862,37.300876,19.342054,37.088049,63.793319,49.028965,28.784222,54.282773,37.501467,51.158190,33.174416,50.966675,48.756861,27.987934,54.902050,49.077207,34.842684,44.156660,25.104945,58.602177,28.324233,38.720135,44.123533,63.241693,64.414978,43.097783,63.680649,33.015868,63.564282,14.162973,52.135861,37.175994,15.188276,57.921949,23.151021,10.597978,40.945295,45.972865,19.064383,40.003048,50.262496,55.858274,21.833272,30.749527,57.594678,58.991212,23.375088,49.078771,62.890316,51.225948,27.041643,34.590431,15.429302,31.783068,70.847335,17.263995,65.349036,65.102724,8.430663,53.257191,36.226672,65.317842,3.186073,29.325741,40.007410,12.385767,29.420963,57.775846,52.913645,48.110015,14.078087,68.575225,58.827559,30.202104,9.912240,33.281229,59.617933,29.760937,40.482804,54.254398,30.829166,6.404872,46.557318,17.573403,60.293609,58.042500,43.984024,41.721232,81.870966,34.639409,26.319727,14.901082,40.597781,33.270876,30.081060,49.643646
24.404081,71.932258,67.212995,45.579717,0.000000,46.594918,24.274104,49.802869,39.758921,72.194109,67.149185,20.024862,41.502961,21.727059,20.216506,26.001170,21.918235,41.967495,50.034616,59.300251,37.664925,40.090249,77.504826,16.833098,27.101490,21.832307,36.941291,33.163893,62.657065,66.871437,63.669020,48.955971,40.786087,34.279688,57.191332,61.656837,35.550359,48.719505,66.761665,55.027557,53.485622,67.145777,29.758895,23.822157,47.960148,55.537717,72.838338,5.074794,17.382957,46.468361,51.908384,26.808149,17.990504,28.127049,18.806320,92.498469,11.245837,78.598720,61.253146,69.419139,56.964511,36.937981,41.033781,61.800687,17.507631,52.950188,51.251553,57.925896,13.438078,58.016138,45.511523,49.690750,28.768027,72.409983,38.309110,5.200264,43.820360,41.780694,69.984967,17.124619,42.239436,62.875595,20.531522,50.032047,38.688546,11.644687,74.371045,14.469668,45.466977,39.865972,42.711423,65.965038,68.363470,20.994956,36.956969,42.059720,58.762172,84.288799,94.817240,55.711284,74.572174,40.346822,36.636642,69.445048,40.174552,38.704866,62.360536,69.208309,33.737868,29.027137,61.454167,42.509412,57.947643,92.643499,69.978598,33.896051,42.082414,48.839289,14.036114,57.134855,65.521248,69.022521,20.840032,38.977363,41.170093,67.880939,4.785394,83.261435,36.257249,3.562591,26.429475,15.532280,38.004292,41.174785,75.415157,69.206098,34.067375,39.979497,55.612070,50.338311,24.800895,46.414788,37.872011,23.818246,63.873097,31.368751,61.842353,76.328986,48.766640,80.237957,63.405798,14.677908,29.731070,17.624746,42.558525,31.351714,30.750025,18.795285,30.136421,35.419055,56.736650,46.487318,53.916400,11.436995,57.458902,60.566637,44.542184,36.734672,77.584901,55.029601,16.230874,74.359272,7.622059,59.910017,31.791861,25.014860,23.029122,70.013690,45.527588,65.027460,17.881613,67.438545,53.683113,57.424472,50.744346,43.251438,14.194388,63.130244,47.459374,25.842327,8.641604,49.385093,40.716558,38.714403,68.111884,49.847226,44.097745,14.422598,70.500499,18.769542
22.278816,26.833300,23.534034,23.204962,46.594918,0.000000,62.260732,11.764044,22.485172,29.847038,23.448530,66.333672,30.504916,26.135702,66.750593,34.293674,46.171290,71.695426,78.068337,21.451134,37.917457,18.312194,66.580294,63.398703,69.597521,67.777627,72.532961,66.040833,18.581947,63.308710,30.730731,24.365086,48.273086,75.119027,84.148764,91.439627,76.076549,49.803578,52.264601,72.086428,58.263046,21.363648,38.219239,66.865077,74.286699,15.376539,31.563062,47.887829,46.069749,65.240098,85.860344,56.910736,53.883266,67.090857,57.996997,68.021413,36.395314,39.592256,83.702176,43.456075,34.427474,16.578585,7.560233,37.742174,31.764988,56.470243,46.243228,45.078077,53.068202,14.250593,38.671791,7.596975,17.996865,26.037698,76.810816,48.852497,18.721836,74.847064,31.682321,59.922997,37.852110,37.578592,41.534591,26.166117,36.158352,50.019378,52.263924,33.171217,70.595013,7.420147,75.010728,59.394950,23.599310,31.725548,18.778248,7.937655,65.351896,57.803047,70.541915,26.060382,34.378463,23.465682,41.453121,50.788322,52.272099,55.659344,39.684553,22.616073,74.446742,62.003223,51.886766,70.795533,60.263608,69.667914,55.330424,65.301246,66.269912,4.823250,59.567139,25.964145,18.960084,67.355735,32.494492,42.173076,48.535683,21.631855,47.540851,42.331404,50.601190,45.701558,54.732609,40.809181,48.719276,10.160826,32.072093,60.119570,32.121692,40.938869,10.138327,15.437636,53.703873,65.244840,9.435919,52.469657,72.623788,42.243152,43.746972,42.151450,75.309157,38.370830,45.116389,56.154891,51.839717,59.020387,47.800599,20.281061,21.710798,27.912422,63.054440,35.584216,83.648193,80.256967,25.076074,57.243986,59.029359,84.651861,25.933781,12.573020,61.494124,34.280296,34.246790,35.607722,54.071849,24.922359,22.215513,63.531255,66.465873,25.874976,32.749037,18.436792,63.995941,51.863878,62.267009,74.865188,53.112119,28.567012,53.988175,32.655465,76.997765,47.592514,49.277790,62.414334,73.273649,53.353072,46.691872,10.514963,19.526594,40.208816,26.760005,41.266438
41.326874,83.691328,78.173932,51.800198,24.274104,62.260732,0.000000,61.146142,61.755083,90.936927,85.106337,26.271990,44.123862,36.538744,20.894653,49.898807,45.807435,18.827666,26.743330,79.129916,36.118027,61.144450,68.995362,20.528809,39.487373,17.226647,53.482176,9.920820,74.415773,56.385004,69.095296,70.870829,32.522572,12.955994,33.775182,37.534739,13.835592,40.755843,62.049523,35.975753,41.683344,83.623177,29.280344,36.613215,25.521732,66.267936,81.516867,28.284349,16.277333,28.383484,27.653057,9.861128,8.430044,44.116511,5.479610,89.181880,33.797413,85.179577,39.028238,70.121688,58.895821,47.872834,58.751565,63.179198,39.941038,42.042962,45.845248,54.575120,34.312894,75.672448,43.614875,67.364777,46.756526,87.992481,14.959202,19.118724,52.238212,17.641171,90.180392,8.984216,40.650384,64.620476,44.794165,72.188858,38.181665,34.034528,72.175851,30.588263,23.976480,54.852952,60.327373,57.251144,80.089401,44.152342,46.679287,55.624997,44.560093,82.990231,91.159127,61.479759,94.264123,62.530354,32.814959,66.347723,29.082103,24.906119,62.899394,83.991971,12.271840,7.194559,55.385862,19.941780,46.301578,88.502371,64.688025,11.382706,21.891779,65.757510,15.076620,78.468311,80.672055,57.143121,29.854455,63.240499,32.776109,83.758140,19.881872,102.848505,60.117997,21.960183,48.682090,21.462987,62.094276,53.966137,93.716685,61.159776,36.732380,64.204421,69.245271,60.181540,11.523734,28.309520,52.824932,12.124328,47.532787,55.637502,60.160521,80.317616,26.142633,99.360734,61.436397,9.711797,53.028731,7.251012,34.821160,52.281564,41.417873,38.187034,49.729178,35.603050,33.357431,22.214649,59.849964,16.563255,46.355827,37.823667,49.445485,55.624808,71.730833,56.669628,28.265515,94.549907,23.154449,80.547425,41.553176,42.320995,9.726239,81.056342,46.904480,79.722066,17.114265,63.145218,39.621983,37.784696,41.253439,46.839299,10.228470,67.426417,23.880307,49.642624,16.173223,33.935306,58.502855,26.607853,66.717290,61.708008,65.352304,22.172184,81.177934,43.039574
26.134346,22.676607,17.510703,13.637567,49.802869,11.764044,61.146142,0.000000,33.652584,37.211635,30.514247,69.819841,22.433744,28.081994,69.246662,43.094354,53.974139,67.596822,73.158666,31.791460,31.157171,29.509682,55.268717,66.055221,75.054169,69.509799,79.881731,63.185110,13.317730,52.963954,19.263245,36.128970,41.350309,74.085938,78.676555,86.378024,74.885030,41.230404,40.962704,65.013175,49.652162,26.141985,33.786778,72.073276,69.176332,5.764053,23.382611,52.170313,44.982828,59.015233,82.146477,54.266742,53.134036,73.485581,57.638102,56.367420,41.142551,30.324409,77.202346,31.700384,22.986787,13.440669,18.124059,26.051591,37.917301,47.756592,36.791933,34.317483,58.598433,22.863207,29.845709,18.780829,23.935763,28.645228,74.894250,50.910448,10.203844,71.430450,40.893659,60.517827,29.818742,25.836454,49.249662,37.929634,29.054114,55.543433,40.505449,35.405278,65.437119,12.301445,83.099206,48.788549,19.053962,39.134345,14.468964,8.731778,56.599925,46.190800,58.892713,14.325182,42.571124,34.702943,35.109656,39.176460,45.871346,49.965523,28.036215,24.017380,73.399197,59.534168,41.211101,66.394421,51.043229,57.956010,43.930200,62.120018,61.213262,15.988252,61.345271,37.287210,21.440505,57.124663,31.814852,52.752504,41.544755,25.236329,49.618435,49.610175,60.363506,48.112413,62.636173,40.447963,58.831209,8.806640,38.499964,49.162801,26.547351,51.686158,9.561278,3.792070,51.198908,59.032694,13.586714,50.093339,63.880314,51.804695,32.369825,31.318682,70.189689,45.354681,33.670569,56.659595,60.555654,59.223668,40.415715,29.389508,20.043213,32.506031,70.598282,29.460974,78.187337,76.744260,13.446840,59.305168,49.754997,78.480524,16.777282,22.254979,49.882129,23.093352,34.991245,44.348259,57.422903,35.667873,19.658227,69.904289,66.881698,20.366367,23.539103,19.996525,65.998331,40.469132,54.106160,67.714427,44.465880,19.891916,54.262225,20.968791,72.525670,55.991057,50.488742,55.162052,81.263076,47.406653,34.991757,1.377845,31.166389,40.248462,20.751798,48.632556
23.105495,47.131067,45.072442,41.654912,39.758921,22.485172,61.755083,33.652584,0.000000,34.832398,31.465556,56.517958,45.939998,28.217728,58.853879,16.906312,29.328694,75.993589,83.502257,21.259722,50.309618,4.174022,85.603690,55.484265,55.662663,61.289715,54.863380,68.448987,40.253534,80.034062,52.911711,9.208491,59.626337,73.390541,90.348771,96.526986,74.584684,63.830165,71.551383,81.951167,71.790005,34.183964,46.968314,53.594813,80.318142,37.846158,53.593288,38.576785,47.656266,73.929123,88.604822,59.815406,53.653712,51.475694,56.519989,89.895173,28.629760,61.865735,91.910629,64.975354,54.603277,31.004098,15.537620,58.568258,22.293911,70.294214,62.056932,63.371484,40.377570,24.406303,54.107260,18.710193,18.285899,40.317681,76.649579,43.958290,37.120582,77.653311,30.953127,56.401338,52.172794,58.680891,25.540692,10.434218,49.333235,37.726558,73.363608,31.739121,76.946661,22.598946,55.957884,76.820293,44.444108,19.009739,33.251214,26.226003,78.769035,79.782242,92.424590,47.351201,35.916247,1.154340,52.683968,71.061215,62.333710,64.160958,60.303113,39.148797,72.792672,64.056619,69.724251,75.720929,74.831438,91.349577,74.824131,68.377250,72.734137,20.240254,53.778129,17.474676,35.475201,83.705482,36.581354,20.010888,59.976656,35.948362,42.831260,44.483824,29.445893,40.659021,36.902935,42.113459,27.064258,27.764705,38.480326,78.334112,43.841580,18.612467,31.762967,36.943631,56.734716,73.910123,22.592461,55.425366,85.705536,21.865173,63.458934,64.616947,81.297291,42.021188,64.974236,53.248350,32.562772,56.352921,59.977344,9.954937,31.652269,23.838899,45.437819,47.409655,89.849757,82.915683,46.060438,51.162211,73.762213,92.180760,43.476493,12.332177,81.614054,53.924909,35.271640,35.228740,45.793372,20.750940,33.073686,48.177147,62.643186,47.009897,49.414490,36.012633,57.315099,71.415674,74.723679,84.737627,67.029818,45.098676,51.805827,54.534492,81.663749,29.284390,45.983958,73.181330,54.439922,62.520259,67.410373,32.583550,5.292842,40.916033,48.075930,26.159224
49.671727,29.913744,32.718181,50.820078,72.194109,29.847038,90.936927,37.211635,34.832398,0.000000,6.697900,90.520202,59.282855,54.403277,92.175971,51.734711,64.129749,101.443800,107.905267,13.575296,67.378755,32.894082,90.161576,88.764063,90.478977,94.018562,89.138185,95.485032,30.772822,89.661279,49.700807,27.499852,77.748206,103.553420,113.992975,121.278433,104.600936,78.373707,76.249751,101.587103,86.821241,12.281988,68.066197,88.348595,104.132926,36.129588,40.610581,72.067569,75.048516,94.973562,115.478563,86.358838,82.507058,86.266248,86.285831,84.393293,61.036795,48.740505,113.405271,63.401043,58.602362,46.363351,32.185404,60.257158,55.080925,84.939792,73.991431,70.814007,74.930506,15.618659,67.003563,23.641700,44.350407,14.932873,105.750264,75.512996,46.953971,104.421436,8.193533,87.457456,66.728307,59.454816,60.361026,27.741178,65.475234,72.150764,72.621495,60.659309,100.442048,37.023213,89.441785,85.249269,30.018444,52.896355,48.476899,37.654900,93.797871,74.396059,86.710415,49.254214,6.006481,34.837256,71.068189,73.196659,81.927127,85.459353,62.423532,18.516310,102.899615,91.338870,77.690841,100.592676,88.248044,86.799674,78.799602,94.855960,96.116730,25.577555,86.039128,19.723807,18.079112,93.890893,61.687314,51.164085,77.987056,14.419558,74.249628,12.534001,61.827801,72.191966,71.410091,69.572076,58.751268,39.815186,3.804571,85.081387,61.832557,49.273615,27.923388,40.619348,83.137675,94.980919,38.878505,81.873153,101.082287,55.654744,67.726718,56.031338,105.155348,8.536251,68.741982,83.870549,66.560071,86.886455,77.083976,41.048789,51.479961,53.810756,79.869631,65.210243,113.492639,109.836955,49.145401,83.519502,86.956023,114.425105,53.916148,35.677765,83.474129,59.288978,62.674010,8.743062,79.045635,15.193013,52.051385,82.996893,93.978879,32.374465,60.732208,19.950022,90.075299,75.469589,91.169778,104.341178,81.631924,56.937247,81.941428,52.778777,106.793572,63.807014,76.670264,91.816395,88.109641,83.109583,68.503412,35.922176,29.598318,68.774960,33.653658,60.908188
44.022055,24.994026,27.035997,44.122510,67.149185,23.448530,85.106337,30.514247,31.465556,6.697900,0.000000,85.921137,52.605811,48.586892,87.273102,48.148566,60.698432,95.139714,101.499200,11.268054,60.758393,28.912011,83.756128,83.862911,86.669021,88.908882,86.299990,89.358062,24.610049,83.032923,43.479996,25.434936,71.122708,97.820521,107.521577,114.866822,98.838805,71.679732,69.770208,94.956052,80.125602,6.557646,61.623638,84.384034,97.696251,29.544170,35.353797,67.356825,69.089401,88.408881,109.265125,80.225172,76.680884,82.819573,80.573809,78.832347,56.117996,43.746461,106.823056,57.237725,52.042754,39.864651,26.492700,53.828506,50.364543,78.243085,67.296672,64.195913,70.774767,9.435853,60.307928,17.774659,38.834292,11.303108,99.840489,70.222803,40.270791,98.231014,12.268969,81.972851,60.050662,53.074516,56.678965,26.109990,58.835779,67.907940,66.480462,55.078741,93.994891,30.742000,87.097955,78.647351,24.539696,48.578213,41.938270,31.156827,87.100322,68.730384,81.193293,42.699499,12.287045,31.673097,64.476577,66.847152,75.339783,78.935864,55.989546,13.495635,97.159749,85.258950,71.080907,94.243755,81.552548,81.147813,72.372893,88.673339,89.675715,19.410507,80.841326,19.027066,12.140640,87.255448,55.627396,49.354227,71.357442,9.041496,68.941063,19.176844,59.811278,66.928216,68.366456,63.673922,56.926932,33.290080,8.650597,78.543953,55.278515,47.543047,21.254779,33.933132,77.008543,88.417392,32.654464,75.756739,94.384559,53.019850,61.218777,50.508001,98.718788,15.034916,62.265828,78.324482,63.871049,81.304037,70.432188,36.449526,45.151832,48.533127,76.896826,58.626446,107.022218,103.644681,42.541849,78.363489,80.261229,107.875297,47.220387,30.421639,77.210278,52.682167,56.855362,14.542387,74.193912,14.550715,45.657836,79.456944,88.516093,27.063077,54.034576,13.966563,84.995242,69.019827,84.483816,97.705001,74.936365,50.246886,76.321217,46.491826,100.445988,60.746175,71.191873,85.172804,85.662436,76.560477,62.187362,29.224293,26.177241,62.935990,28.366570,57.062511
44.315600,91.937922,87.237851,64.953998,20.024862,66.333672,26.271990,69.819841,56.517958,90.520202,85.921137,0.000000,59.879399,41.738287,5.920326,40.362322,30.490502,44.439549,51.865165,77.224123,54.452086,57.727975,92.292375,5.900218,13.404913,10.467774,27.966395,35.936039,82.675493,80.433940,83.134961,65.401639,54.764543,28.299592,58.477332,60.399643,29.591801,63.188265,83.170450,62.232271,66.010661,86.448069,46.414358,10.922919,51.335944,75.548165,92.784853,18.606227,31.422824,54.454584,48.963630,34.442314,26.324435,19.000975,23.115761,109.776716,30.057453,98.349919,64.659321,87.813710,75.524440,56.863037,60.373957,80.284674,35.558913,65.982660,67.006131,74.718067,16.899571,77.046760,62.511759,68.861810,48.364313,91.903022,33.986659,19.678655,63.541360,41.714303,87.437924,17.821559,59.228508,81.479192,32.257363,66.147960,55.918137,19.032520,91.878501,34.436680,50.145214,59.778807,35.000814,80.477549,88.375565,37.697460,56.751070,62.064090,69.869773,102.216925,111.982483,75.153601,92.299926,56.859011,52.437147,86.548147,52.615168,49.467096,80.604546,88.896527,28.110795,33.407604,77.168222,45.857649,70.669504,109.599136,86.191707,37.585181,48.155293,68.261245,12.241665,73.920265,85.166430,81.792983,39.858794,49.582802,55.102739,87.340576,20.835564,100.933048,42.714714,21.936351,28.880642,32.615205,45.626801,61.199426,93.919419,84.114305,52.141846,51.133603,75.545966,70.279292,34.266552,54.383335,57.807905,33.966833,73.476836,41.702691,79.341962,95.623137,51.835475,98.240617,80.830397,19.783188,34.679168,20.056994,56.888405,49.514550,50.550583,38.421573,26.494760,52.726816,58.124018,44.730789,73.366611,12.589541,70.489436,63.122548,63.609431,55.772367,93.655263,73.470280,35.603832,91.738285,12.403247,77.236592,51.487845,18.289367,17.888600,90.037878,63.657050,84.761469,9.164213,84.033533,64.789457,64.055366,64.493228,61.954455,21.872115,82.365361,48.772203,33.294200,21.599473,59.440338,33.332685,50.494311,85.815926,69.871865,61.398176,32.023742,90.524868,31.070057
26.315434,42.330290,36.475907,9.185159,41.502961,30.504916,44.123862,22.433744,45.939998,59.282855,52.605811,59.879399,0.000000,23.799883,57.542998,47.567802,54.581122,46.674736,51.502807,51.941696,9.232192,42.551186,40.476463,54.881343,68.604415,56.456796,77.265036,43.714773,33.877359,34.107620,24.979469,51.864935,19.006848,56.512691,56.644433,64.516066,57.066002,19.300314,27.277186,42.579787,27.765320,48.556152,14.854734,65.321300,47.433109,25.670276,38.072511,45.596985,29.663199,36.776901,61.308977,35.541674,37.338866,69.126529,42.044286,51.276526,37.523539,41.085025,54.818204,27.982202,15.647889,15.175490,32.722230,20.412280,37.864910,25.965343,16.227704,18.383046,53.720051,44.206914,8.331280,38.024013,28.779078,50.939173,56.139027,40.280620,12.347789,51.077133,62.081588,46.230501,7.445535,21.603106,50.282672,53.707668,6.957861,51.013989,33.117175,28.561621,43.709714,25.082181,82.087560,30.935374,38.966807,41.328596,12.816603,22.727566,34.848176,42.796717,53.662675,17.536027,64.363218,47.093081,13.314237,28.700141,23.692481,28.142078,20.862451,46.194882,55.833990,40.721214,24.090096,45.230523,29.855749,51.681233,30.657161,42.309797,39.623641,35.318592,49.009184,55.695970,43.833274,37.858189,20.717223,60.870935,19.177972,47.662752,39.218112,71.779904,65.315460,38.576843,62.571335,27.281228,64.947467,20.517530,60.808139,32.746599,7.798636,60.470138,31.993561,19.696028,32.901253,36.799292,24.174010,32.080531,42.123982,57.003221,20.797650,36.453616,48.428925,67.583264,22.412444,42.576970,62.670892,44.401654,17.984119,37.553251,15.237393,31.139830,69.037146,8.624782,56.163878,56.181954,16.030892,47.666974,28.654697,56.172519,6.083971,33.842823,38.116415,13.599832,25.443964,65.861381,48.369699,55.259940,13.634766,65.759068,51.830608,39.224209,4.210930,42.320733,53.665247,27.566597,31.911028,45.281483,22.607680,2.914450,40.040040,23.362249,51.197854,57.772621,38.375916,32.728562,80.102990,25.467409,26.770333,23.597412,45.833483,27.867656,39.031655,48.982277
5.216550,50.362552,45.526537,25.160392,21.727059,26.135702,36.538744,28.081994,28.217728,54.403277,48.586892,41.738287,23.799883,0.000000,41.317144,24.472583,30.802608,48.412011,55.654114,42.876764,24.395222,26.356664,63.769169,38.068737,47.652664,41.926144,54.440662,41.546220,41.036978,55.626103,42.730299,36.561562,32.380067,49.237401,62.369378,68.854318,50.251913,37.961818,51.021917,53.846152,45.203696,47.409407,19.289761,44.540402,52.316626,33.811507,51.148046,24.402076,20.760176,45.735632,61.759918,32.544162,28.108951,46.967431,32.008359,74.581658,14.313554,57.140902,63.700117,50.230880,37.846872,15.350246,22.221792,42.661026,14.097612,43.953025,37.875394,42.060287,31.595980,39.159362,30.424263,30.830216,10.647045,52.159220,51.355847,23.064573,22.632093,50.676990,53.966463,33.788161,27.646225,43.487509,26.483498,38.162827,24.181642,28.645979,56.522015,7.351735,48.868670,18.901538,58.797321,53.329408,46.770207,17.858537,15.719241,20.583952,51.902751,65.545615,77.023696,34.913304,57.858838,29.240169,25.778557,52.429287,34.508657,35.999343,43.638440,48.530360,48.575159,37.265144,47.205294,47.945276,48.810740,75.197516,54.396216,41.168498,44.615589,29.302724,33.702486,43.194323,44.989410,58.786079,8.369671,38.592530,32.756069,47.767302,21.754700,66.390053,41.820050,20.115265,38.923475,15.205237,41.755951,19.521977,57.184879,55.736237,18.402032,38.545012,34.350659,28.673441,29.349830,45.715101,16.845003,28.044942,58.519696,33.752294,44.479158,55.560125,53.310316,62.843748,46.101444,30.020837,38.872477,32.904356,33.136639,18.293006,9.732598,7.405733,45.783408,21.447519,61.867602,56.060503,33.132014,31.506346,47.905187,64.014359,24.899558,19.462896,61.897990,36.223928,8.273401,58.300891,29.343983,44.681690,11.122606,43.452106,40.330175,48.344164,27.996209,44.273540,38.257326,51.355599,47.484010,56.618841,40.903338,24.579086,27.878757,42.602089,54.016003,33.974542,23.182896,45.353774,56.837558,34.475705,50.136300,28.160095,30.519815,14.371687,48.802736,25.191061
44.493642,91.673785,86.750934,63.291206,20.216506,66.750593,20.894653,69.246662,58.853879,92.175971,87.273102,5.920326,57.542998,41.317144,0.000000,43.327996,34.541899,38.709718,46.042443,79.092767,51.433646,59.680022,88.232935,3.412358,19.262414,4.555577,33.881268,30.349085,82.334090,76.101727,81.453877,67.914831,50.809286,22.410862,52.605455,54.479875,23.711984,59.256349,79.711792,56.846126,61.540348,87.361257,43.502639,16.843138,45.624256,74.903862,91.827844,20.284210,28.262696,49.252010,43.056460,29.614404,22.144382,24.907816,18.385956,106.559072,31.163570,96.977335,58.882897,85.273500,73.159643,56.011939,61.246291,77.841280,37.125096,61.634472,63.439804,71.471244,20.866313,78.194651,59.469356,69.888275,48.980675,92.617137,28.075468,18.340459,62.282112,35.846419,89.572986,13.032058,56.222510,79.105088,35.688409,68.793725,53.061781,22.425913,88.840859,33.971279,44.565466,59.898953,40.919386,76.405114,88.075751,39.850213,55.653775,61.883015,65.059313,99.347478,108.706432,73.488810,94.302117,59.296572,49.086558,83.353594,48.299731,44.835051,78.015216,89.365931,22.208046,28.085189,73.498682,40.189439,66.202603,106.239360,82.640789,32.068788,42.761658,69.055714,8.554771,76.327909,85.697229,77.257417,38.279028,53.648370,51.129304,88.092813,19.628552,102.977517,47.474083,21.206134,33.937808,30.376654,50.229693,60.824686,95.464122,80.136501,49.746986,55.095416,75.577951,69.387414,29.808356,49.178905,57.878507,29.670493,68.367064,45.702781,76.372601,93.718926,46.095944,100.098999,77.815878,15.724986,39.522312,15.303932,52.999560,51.156882,49.524792,39.011466,32.198017,49.955915,52.257209,38.811726,71.720514,10.049034,66.098443,57.298612,61.695015,56.891186,90.012124,71.045766,34.403859,93.918131,13.142270,79.409584,50.305690,24.051929,12.072286,89.591384,61.139759,85.166738,4.141733,80.642205,60.023369,58.584418,60.345102,59.796672,18.094393,80.463497,42.935518,37.664159,19.312074,54.527358,39.252917,46.063166,82.906270,69.415089,63.526741,30.025048,89.997911,34.316572
21.254949,60.931786,57.820235,46.490656,26.001170,34.293674,49.898807,43.094354,16.906312,51.734711,48.148566,40.362322,47.567802,24.472583,43.327996,0.000000,12.580262,66.372190,74.301172,38.164719,48.856754,19.291921,87.961752,40.066236,38.758171,46.275980,38.741832,58.000703,52.866634,80.098582,61.570687,25.257439,56.312332,60.268275,81.406101,86.651682,61.545343,62.363550,74.789060,75.994759,69.347000,50.260417,43.172755,36.732621,71.658902,48.365697,65.602978,23.491066,38.500037,67.501219,77.504649,50.285895,42.591262,34.671073,44.433812,96.671323,16.453336,73.230253,84.317753,71.687182,59.903438,35.091592,26.788170,64.471162,11.410233,68.199723,62.309033,65.948280,23.780474,40.401450,54.735799,33.354953,20.032188,56.279243,64.266611,30.919840,42.642980,66.996848,47.654452,43.123153,52.062670,64.984789,8.639251,25.862827,48.638054,21.341583,79.030240,23.748354,68.669997,30.793073,40.755875,77.744689,57.828366,6.863465,36.695995,34.429772,75.844655,87.041030,99.175540,54.654620,52.708811,16.990367,50.010583,75.578615,57.764259,58.252865,65.818504,54.477608,59.732948,53.652398,71.440096,66.530218,73.121713,97.646883,78.167968,58.364632,64.763181,33.946161,39.435858,33.839509,50.687513,83.239611,31.418622,14.544833,56.700177,51.769643,30.043709,61.198436,17.929125,27.940343,20.716115,33.627991,17.384507,35.013013,55.368209,80.034843,42.847084,14.946843,44.418424,45.498671,47.559519,67.465631,29.650088,46.323901,82.174209,9.446325,67.628775,74.177309,72.564668,58.874384,69.240197,40.550088,17.573799,43.567889,57.292561,14.021936,32.385365,17.255882,29.221014,45.915879,80.925627,71.957515,53.047323,36.824746,72.259693,84.093576,47.249487,21.720659,85.522884,58.652003,28.125518,51.850197,30.682663,37.496097,33.990778,31.320657,48.862493,60.159259,51.644663,50.893421,42.366928,74.981908,71.206179,78.662063,65.233942,47.769112,39.670411,62.405988,72.029083,13.339374,33.733207,68.389466,39.055760,57.248356,72.716890,42.413573,22.145063,32.217492,61.053674,9.401517
29.409169,72.977167,69.559208,55.268877,21.918235,46.171290,45.807435,53.974139,29.328694,64.129749,60.698432,30.490502,54.581122,30.802608,34.541899,12.580262,0.000000,63.862578,71.932073,50.555984,53.878792,31.870751,94.067251,31.625461,26.651100,38.209394,26.388520,55.011688,64.618145,84.887521,71.645146,37.177604,59.596601,54.226321,79.085307,83.337658,55.559809,66.682077,81.716286,76.426084,72.710437,62.828988,46.975753,24.974042,69.875143,59.486718,77.000748,17.523667,38.210265,67.827172,73.191748,48.643752,39.908137,22.147018,40.428869,105.246520,17.698801,84.296502,83.135823,80.612602,68.393115,44.231867,38.810229,73.143935,16.965435,71.853678,67.776181,72.727480,13.695048,52.972370,60.770082,45.805786,30.095085,68.832189,58.952446,27.076098,51.941818,63.438599,59.679840,37.719151,57.769845,73.850665,4.724587,37.529698,54.170630,12.400486,87.256391,27.005825,67.337371,41.818311,29.125119,83.159996,69.770092,14.841991,45.409246,45.244479,78.646854,95.998423,107.708004,64.287379,64.818492,29.293251,54.120293,83.231891,60.023677,59.415908,74.253332,66.934944,53.784596,50.926563,77.529253,64.427315,76.884656,105.944323,85.079717,55.800022,63.854714,46.238668,32.791457,45.725806,63.134329,87.593118,35.522755,19.126414,59.991985,64.310685,26.680568,73.187043,14.350202,25.028177,8.662405,34.587300,16.347773,45.455606,67.799828,85.892313,48.593374,20.644395,56.301083,55.961986,46.450766,67.778974,40.388527,45.378370,84.346967,11.214007,75.280522,84.447834,70.684420,71.060440,76.902973,36.095690,8.430628,38.769428,60.984394,26.019998,40.132363,23.608320,16.887278,51.108738,78.633894,67.936490,62.584467,30.393544,76.195419,82.481645,55.453809,33.690686,92.622419,66.881009,31.182607,63.776448,23.538109,49.619816,41.663613,18.876505,42.453434,72.007324,58.785355,63.273401,34.592756,82.098780,73.713210,78.917199,69.208920,55.357288,35.995374,72.100817,69.316903,3.944076,30.557301,70.014481,27.295327,58.979728,80.873738,53.453049,34.609046,33.177297,72.837802,5.635894
53.611000,88.908858,83.084794,55.670853,41.967495,71.695426,18.827666,67.596822,75.993589,101.443800,95.139714,44.439549,46.674736,48.412011,38.709718,66.372190,63.862578,0.000000,8.069748,90.924831,37.458444,74.623904,59.325558,38.946545,57.824657,34.470009,72.097126,8.973762,80.158872,46.132699,70.470023,84.751580,29.207580,19.883929,15.223985,20.535296,19.301545,35.284515,56.102180,19.927542,32.318564,92.517869,33.881443,55.101088,6.927033,71.832818,84.492389,46.441675,28.394654,15.234786,14.637318,16.238924,24.049111,62.784986,23.736473,82.443191,49.920278,86.335859,20.269076,67.763023,58.620614,55.566099,69.889160,61.998424,55.544281,33.485333,41.583518,50.637192,52.998646,85.834301,42.759824,77.946360,59.056147,96.001725,15.272811,36.788855,57.611498,5.597009,101.981451,27.799154,40.724145,63.578951,62.330085,86.262505,39.750400,52.507118,67.361592,44.314458,6.934260,64.424488,79.006156,48.443398,85.472350,60.055730,53.748118,64.156315,32.328008,78.156273,84.062670,63.830569,105.512661,76.907889,33.390051,61.300645,24.296070,19.166272,61.090226,91.536862,19.553161,12.940515,49.063551,2.177559,36.274780,81.155609,58.009141,8.081000,8.352414,75.869086,33.864126,91.605456,88.653813,45.604335,40.294610,80.362151,29.242073,92.171796,37.255478,113.808430,78.211707,39.089029,67.319126,33.885034,79.952237,62.141771,103.767419,52.522234,41.071019,81.130193,76.719406,65.650225,19.261239,15.157993,62.569761,20.569192,32.904928,73.064612,56.885211,79.764407,7.398024,109.979854,57.787960,28.162001,71.414075,26.042395,31.209884,66.103414,49.987926,52.220668,68.556677,38.444047,14.771317,9.694644,62.499226,35.384153,36.833674,18.997026,52.717059,67.797858,64.018020,56.443718,40.755586,106.243250,41.874111,92.999127,49.528396,61.103120,26.654355,85.864426,47.977671,87.396623,35.350698,57.431298,28.366470,20.932427,34.230054,49.587910,27.898545,68.085755,5.689231,67.766777,33.365458,22.454270,77.209872,21.909631,63.001440,68.477669,78.829044,35.115523,85.700328,60.540307
60.869910,93.815531,87.950098,60.656239,50.034616,78.068337,26.743330,73.158666,83.502257,107.905267,101.499200,51.865165,51.502807,55.654114,46.042443,74.301172,71.932073,8.069748,0.000000,97.789663,42.306040,81.976749,58.469359,46.525260,65.270002,41.673124,79.692029,16.998714,85.332546,45.397301,74.274922,92.149532,32.997898,25.620044,7.158664,13.374653,24.742966,37.632767,57.221216,16.953351,32.932024,98.560996,39.891511,62.644272,4.132211,77.056019,88.669587,54.509030,36.094839,16.078912,12.104440,24.037960,32.100235,70.437626,31.763947,82.615661,57.848885,89.819672,12.996592,70.160340,62.069562,61.691592,76.724198,65.007539,63.381622,34.445406,44.070538,52.853749,61.004602,92.288583,46.561240,84.572187,66.261340,101.751354,20.147565,44.857776,63.023873,10.391337,108.798973,35.666615,44.965193,66.604945,70.377399,93.697932,44.551829,60.555781,68.704255,51.943586,7.799992,70.915857,86.646746,48.408303,90.469250,67.920303,59.738536,70.371584,31.173943,79.282242,84.039437,68.116559,112.164872,84.441661,38.239863,62.685235,28.053595,23.361004,63.870479,97.175092,25.448706,21.007725,50.256497,7.811562,36.204494,81.053388,58.721411,16.140408,11.945470,82.386222,41.684131,98.804927,94.450189,44.131028,47.403184,88.356439,32.941369,98.072725,45.317272,120.347077,86.281021,47.137540,75.343063,41.483742,88.013220,68.287942,110.086026,52.424294,46.667097,89.099277,82.474312,70.938993,26.921059,16.023055,69.129287,28.209707,29.951531,81.096380,59.174840,82.676475,3.221954,116.435461,59.890780,36.188649,79.475782,33.987823,34.693915,73.574438,56.455420,59.825780,76.423714,43.714041,6.702134,10.215969,66.917588,43.301746,37.013901,11.257490,57.586624,74.899018,64.061925,59.972019,48.231423,113.015121,49.863524,100.023374,55.854798,68.871191,33.980697,90.664296,52.256991,93.109145,42.880810,58.618626,28.220659,16.877984,35.921475,54.380917,35.965984,71.669750,3.165568,75.836526,41.427104,22.933099,84.878986,26.054856,64.933250,74.123393,86.161006,42.762617,90.404774,68.586332
