Traveling Salesman Problem Specification

Visit 200 cities. Distance table:

0.000000,90.481862,68.553756,55.846565,101.720838,6.983800,94.377212,58.950543,90.278551,92.024319,90.689890,116.091169,71.167682,93.485413,70.883310,63.109441,10.727376,56.236456,27.802579,83.063885,76.033458,103.352491,35.301067,82.704810,90.750959,47.086248,20.362419,63.782169,74.381271,40.516287,87.134542,25.639366,87.625695,90.694839,93.399142,71.104462,32.126853,109.856616,53.635678,81.740799,66.252922,76.361858,91.877252,69.449974,87.962985,68.278348,38.204960,59.541212,87.733838,95.583158,58.328315,75.351477,115.482883,87.807969,24.691276,68.047757,81.485619,57.519277,83.272002,33.838102,7.081879,12.729080,80.279807,5.618019,66.995823,27.176696,82.513236,95.148587,62.157938,40.914997,77.949609,89.919668,120.217106,68.705670,50.408455,29.167030,92.655137,61.943801,57.222370,88.994098,72.979332,40.389337,94.611478,81.540070,27.946075,62.945843,36.659373,39.468599,78.464852,77.977598,76.767576,22.502207,32.936459,50.369538,62.418813,63.642889,72.846170,117.314699,50.672288,64.439379,45.076423,89.815513,41.135885,77.938480,81.062041,52.482411,84.227115,11.821182,66.925343,23.208415,90.176199,91.376596,30.456851,57.557737,97.416721,88.585863,68.606602,56.374497,14.278816,90.244939,64.717414,92.483018,66.755646,25.874648,43.982393,31.310380,64.527759,98.401267,60.814151,86.576053,81.247742,64.889793,82.286629,62.157771,80.922574,96.837918,62.833510,103.001344,63.177854,19.526136,123.746173,10.931163,81.363029,36.040794,62.229857,77.404796,108.724771,48.890673,57.544381,88.866948,37.558812,88.740346,8.970886,71.901171,92.562116,66.072203,58.920819,45.986570,6.760066,86.958148,120.409463,35.785344,47.657240,64.043984,57.212219,87.327734,42.891613,39.346879,72.802112,38.922002,3.611152,31.476347,55.524504,87.285116,92.258235,88.595169,15.526383,57.230643,65.676675,29.735523,120.254716,93.760859,65.969262,73.731590,103.308870,6.020057,69.204359,70.326644,96.212943,18.258672,87.961880,85.510557,69.884211,103.618637,10.910025,42.370185,36.885368,111.143472,81.853487,24.669979
90.481862,0.000000,21.945935,38.172262,63.630405,93.103682,61.403154,34.968793,33.582551,7.015524,53.140459,43.421948,61.951616,10.897346,38.664842,53.723800,80.185610,87.374053,65.571741,71.162241,47.328754,36.901919,61.777600,24.938091,4.827578,89.416746,77.139849,37.564670,40.616862,59.740452,97.900472,73.812083,4.042243,64.643709,67.158120,87.212468,70.572763,51.433604,36.906946,71.749019,35.933933,24.372299,26.709860,31.929791,104.093288,56.940326,52.698637,32.720556,21.237443,28.222812,45.239173,15.163674,38.685543,3.622313,70.687110,66.515863,69.327421,44.402498,36.641231,60.213083,96.826341,80.210914,58.751662,88.569850,25.806945,70.718734,33.013512,60.853134,51.443884,90.358917,80.330492,11.505433,47.092048,24.897057,51.690395,71.949939,34.953757,40.337787,56.061857,27.931605,20.185667,71.904549,24.326568,64.851999,69.241257,27.601953,77.177662,61.105295,16.127463,83.405287,93.322993,89.125730,58.165983,93.495325,28.066692,51.065412,44.255858,48.864271,44.466544,87.217913,79.536810,71.087166,53.527387,40.153132,39.647514,51.130397,94.985111,89.910793,68.140176,90.988622,31.635753,75.433842,61.364811,82.186129,69.145386,32.255719,29.043091,82.179278,81.392760,38.973809,26.532250,27.597022,26.133657,79.297992,60.594502,67.776108,95.521562,16.903802,30.010983,55.209590,97.493872,25.630179,80.601474,75.824736,79.603934,43.259931,55.031579,48.018312,34.474739,94.186726,53.861923,91.664255,89.177139,64.745338,70.980424,47.770212,37.504347,70.396764,39.992094,74.345810,56.309125,24.158798,82.460374,79.672266,33.304018,48.349430,40.915124,62.093053,95.825817,35.907492,51.220483,84.806443,69.225515,53.491144,45.937493,30.140895,47.781937,53.730945,57.349864,70.427953,94.040319,88.908306,46.090148,15.346286,58.135866,9.906193,80.369608,33.331277,46.621678,70.750975,45.769461,6.140899,29.597051,46.234996,59.792569,85.454394,81.114046,23.122874,59.489304,72.236764,14.314108,36.090361,53.861238,29.287384,81.506564,86.500894,68.483737,50.322599,22.200560,74.670507
68.553756,21.945935,0.000000,19.399463,64.570048,71.317597,60.029253,16.870178,35.726522,24.011009,52.043003,57.031880,52.031691,26.868117,29.867427,41.301064,58.314542,71.610431,43.884027,64.042515,40.702687,46.626259,41.430320,25.707120,22.442641,71.842961,55.534062,22.774198,33.745299,39.577701,87.875713,52.508876,19.365657,61.236826,64.236497,74.722255,50.541444,59.204336,14.963245,64.122308,23.954567,18.240232,33.537007,21.695706,93.327126,46.363646,30.794059,12.422778,27.135187,36.859009,30.177791,6.798052,53.985380,19.486250,49.501631,55.209872,61.967182,27.514330,33.811154,39.247486,74.947325,58.307713,52.472256,66.632269,10.189061,49.902576,31.929119,59.896805,38.615383,71.762619,70.418192,23.231990,61.189827,9.737826,34.259558,50.938066,39.459763,24.985813,41.525984,32.404262,10.521691,53.456179,33.950930,58.156396,48.404175,5.683200,58.163835,41.669451,13.082916,73.102295,81.441739,68.351132,36.484612,76.225428,6.144409,38.836566,34.827578,60.928546,24.391433,73.194371,61.994602,66.190469,33.154203,35.271741,35.016320,33.264854,84.677165,68.098171,56.370552,70.252267,34.330626,70.272539,39.541688,67.054758,67.245177,35.154211,15.864349,66.793300,59.577441,39.541072,6.119911,34.492323,8.960796,58.793507,41.328568,47.364055,80.712927,32.933115,8.380752,51.981460,86.110682,3.693625,71.864622,62.198828,70.620819,47.480260,42.502290,53.754629,18.391542,73.077498,66.944734,69.820732,78.978152,44.220228,57.686358,41.727885,49.826606,53.750583,21.999517,68.572151,35.497064,29.741374,60.516388,68.209683,38.276979,37.137922,25.273528,44.446663,73.969850,35.412573,63.807945,65.634757,52.283438,41.430028,29.179832,32.842584,25.850276,32.296000,48.421076,51.637687,72.119324,69.088019,29.819846,22.353557,56.625939,21.430789,58.874438,11.398214,35.206013,50.336838,60.418327,25.465626,13.928395,38.628621,62.324184,63.508556,68.806120,10.788795,59.256017,50.321043,23.434524,36.176340,44.076577,42.335176,59.733191,68.283724,49.183902,59.043842,21.560179,53.806447
55.846565,38.172262,19.399463,0.000000,56.397878,57.126063,50.325298,3.286857,54.282498,42.091637,43.548098,60.983407,36.119964,38.502241,19.316199,24.430566,45.130399,52.297431,36.759010,49.387497,29.146855,48.572450,23.776466,27.060022,40.143127,52.493651,47.887685,34.811333,23.805930,39.036964,70.552406,46.595793,34.550098,49.711884,52.855179,56.416759,32.413227,57.601783,14.179682,49.091512,12.646555,36.462526,36.352286,14.444433,75.546187,30.441880,23.552836,21.610909,31.896038,40.096366,12.518607,24.868922,59.854455,34.852919,33.428275,38.124919,47.263187,35.781800,51.089887,22.891693,61.417247,48.021791,39.429761,55.284575,12.399716,32.963335,28.462443,50.562725,21.716408,52.676341,53.582226,42.222658,65.188405,26.668739,14.892664,46.320017,38.501357,35.811373,23.152077,33.695337,18.336636,34.256488,38.841799,44.237919,31.528857,16.479527,39.230441,22.957670,32.479421,55.954567,63.306903,51.186006,23.110637,56.847704,15.178161,22.416490,48.690661,63.035229,27.829636,54.307244,42.624678,53.086521,15.714797,26.856128,51.463786,38.690687,67.262868,58.367903,38.937753,53.015589,53.066719,56.714824,31.829889,47.893935,56.463237,34.094237,31.484972,47.573835,50.215460,57.496739,20.522736,37.039096,24.826986,41.249403,42.656045,29.751341,61.549280,42.850347,17.406945,41.620622,68.137631,17.241724,55.714344,43.616330,54.358261,44.469424,25.431904,51.053045,30.599839,56.523487,69.468766,59.745622,61.740768,41.963510,39.360502,30.512577,53.514856,34.380340,30.391923,54.651325,18.911069,33.035955,49.117559,50.547907,38.049263,21.907680,8.182395,25.053213,60.242712,53.321138,66.129063,46.812569,32.892078,24.835191,37.199289,32.447449,19.354824,28.599568,33.619200,32.566677,59.188518,50.746834,11.167185,41.717275,47.176690,40.276981,43.568323,14.628776,20.157778,32.705708,65.019372,43.045610,28.433748,26.582973,55.747083,51.786774,50.694901,15.407667,50.611054,38.081977,32.468166,32.240424,29.068148,47.894183,45.720887,49.060819,30.394900,58.310996,40.558152,36.913471
101.720838,63.630405,64.570048,56.397878,0.000000,99.773677,7.421105,55.347192,95.812464,70.644759,12.899195,37.606081,31.417896,53.694551,37.206046,38.766892,91.924542,60.418835,91.174083,24.676176,27.595588,31.238872,67.180565,40.331262,68.416772,69.017159,100.955199,86.975511,32.692958,95.391443,48.991115,100.961294,60.425780,12.654463,11.543398,48.909899,69.778935,20.908841,69.612593,26.354732,44.097903,81.099839,37.032050,44.169909,55.852256,33.466179,79.193252,74.442737,42.501336,36.352851,46.666200,63.858209,42.705282,60.854522,77.230094,36.079009,24.852034,90.244156,96.565534,70.021610,104.860149,98.502484,21.585842,103.458921,55.305628,74.550236,32.861420,6.573228,40.125724,74.302118,36.948839,74.762706,39.126673,74.254531,52.845910,101.385211,28.721869,88.845468,44.546297,35.746782,54.292848,62.876910,40.112007,22.192353,73.855845,66.596813,68.204910,62.538810,72.798164,39.838626,51.000908,86.101730,74.717916,70.415742,65.558578,38.678350,99.379067,32.901886,83.612183,54.032926,62.947827,18.299239,64.065291,30.056988,98.549582,94.358028,47.573755,108.381393,37.879935,87.141349,93.974215,21.043736,86.398804,55.044141,9.511790,31.552741,80.415036,55.971209,101.474842,100.791091,69.875281,36.210952,73.492480,77.643857,99.050958,70.436031,62.220547,50.251301,69.234868,15.444881,52.499375,65.725526,33.652313,46.610432,33.818445,20.774074,38.930729,18.452195,82.478475,92.488523,36.658721,109.188342,43.168761,98.007149,43.594077,26.162809,35.566237,54.998896,84.521748,22.123270,67.364680,39.505269,98.032632,41.371282,30.392761,36.946236,48.892344,55.750544,103.433280,97.082189,34.620028,73.544624,55.636942,37.845580,91.833490,33.821427,75.536780,84.792953,28.972638,63.672299,104.167392,79.750762,49.522533,77.689751,9.617930,72.821194,86.347531,68.524453,37.994848,72.036442,40.805709,69.391128,78.416236,30.200793,5.501400,99.863628,44.816716,53.822544,5.826959,87.637027,49.392155,28.787392,31.926954,40.218366,90.866453,70.017836,65.073385,23.552506,82.087797,77.214020
6.983800,93.103682,71.317597,57.126063,99.773677,0.000000,92.373739,60.335861,95.043947,95.112868,89.246162,116.339305,68.737980,95.356159,70.739308,61.598888,13.271090,51.208915,32.899543,80.004433,74.952413,103.516747,34.965672,83.515886,93.707353,41.674501,26.815017,68.484550,73.946571,46.179851,82.178150,32.017752,90.048777,88.340447,90.922020,66.442881,30.071443,109.148623,56.597156,78.603510,66.653882,80.450780,92.529327,70.112716,82.624796,66.339687,41.791343,63.155404,88.788856,96.183520,58.102206,78.095084,116.107712,90.260939,24.255809,65.172871,78.541947,62.557527,88.258189,34.401183,5.113273,18.820694,78.205995,12.600659,68.803815,26.001049,82.643789,93.209211,60.936326,35.283615,74.022556,93.331353,120.401520,72.328873,49.922534,35.531564,92.680710,66.815934,55.638714,89.526489,74.850984,37.333343,95.489278,78.969378,27.071901,65.822819,32.890796,38.542867,81.906902,73.804487,71.796721,16.872027,34.960634,44.643228,65.178245,62.413262,78.248741,117.175594,55.143498,59.609516,40.787467,86.932767,41.777550,77.491096,86.222515,57.917144,79.375227,18.683310,63.888576,17.214629,94.832700,88.203093,34.843701,53.052640,94.909222,88.775019,72.737124,51.852975,20.883157,95.304850,67.939056,93.074935,70.315335,22.409355,49.918280,30.122913,59.024931,99.961774,63.921794,84.888457,76.121299,67.713699,78.452207,58.335874,77.130405,96.308527,61.184901,102.291483,67.521177,12.912142,123.567937,17.579055,76.842324,41.998020,58.892137,76.277502,109.070195,45.739548,62.097340,85.704091,38.325319,89.566621,14.776074,67.887363,92.714362,65.065113,59.269457,44.182911,3.670805,91.884709,120.251704,30.818397,44.700503,62.534362,62.381678,87.679526,46.169683,43.809602,70.805620,36.211094,6.048854,25.894343,55.421502,90.948176,90.454990,91.896789,14.016818,60.180306,64.871688,28.012656,120.558424,96.730186,69.954406,72.774198,101.708114,12.311203,65.009045,72.087618,94.409247,21.474011,89.552035,85.377459,68.235275,104.396355,11.598068,37.206984,34.721817,110.578619,85.921734,22.763400
94.377212,61.403154,60.029253,50.325298,7.421105,92.373739,0.000000,49.540219,92.592794,68.390834,8.312280,40.850544,24.012396,52.101630,31.469405,31.546379,84.640311,53.515445,84.410934,18.465057,21.204012,32.382809,59.973998,37.089164,66.092636,61.891821,93.992584,82.044055,27.023139,89.142479,44.680831,94.148366,57.935402,6.187174,6.752859,42.756222,62.397997,25.022060,63.890146,20.075500,38.363754,77.165253,35.473721,38.942488,51.587233,26.101033,72.709525,69.237573,40.181083,35.552835,40.004056,59.985423,45.279253,58.377823,69.933853,28.773846,18.267641,84.892225,92.796306,62.922204,97.463197,91.355651,14.172214,96.183626,50.388480,67.216613,29.158383,1.204637,33.032831,67.065071,31.027499,72.175051,42.991089,69.765720,45.828677,94.681838,27.316028,83.776680,37.259441,33.594634,50.045026,55.455808,39.035814,15.092332,66.545098,61.571497,60.790228,55.283307,69.167613,34.095292,45.490623,78.685328,67.811514,63.444146,60.467887,31.608911,94.824924,37.009597,77.874030,47.475176,55.619897,13.196845,57.135961,24.849448,94.566494,88.691050,42.886500,101.174081,30.617086,79.731557,90.808351,16.910866,79.683375,48.042402,7.745765,29.200149,75.883977,48.932804,94.364837,97.398537,65.042927,34.779469,68.844999,70.227110,92.933375,63.113297,55.876146,49.479261,64.070566,8.723924,47.493876,60.859395,28.231692,39.534777,28.163880,20.634649,31.651556,20.685929,77.540571,85.073351,41.553052,101.950456,38.027538,91.564690,36.343823,19.817895,37.528394,47.590086,79.202520,17.252061,60.372951,37.346616,90.806917,34.927959,28.979587,30.089844,42.575900,48.394099,96.034951,93.568472,39.137124,66.179433,48.217973,30.634646,86.450003,31.263100,69.232634,78.455882,21.589811,56.257050,96.797656,72.380584,42.807767,74.771511,3.413964,70.156563,78.981031,63.057062,31.277697,64.673733,44.468524,67.360795,73.698953,23.797484,10.844764,92.596041,38.280810,49.241828,3.408488,80.493012,47.093817,25.479514,24.700904,40.814324,83.536909,62.754442,57.684578,27.584018,78.584882,69.840124
58.950543,34.968793,16.870178,3.286857,55.347192,60.335861,49.540219,0.000000,52.236790,39.034125,42.451763,58.243137,36.866567,35.223983,18.144753,25.433604,48.246712,54.754096,39.131926,49.819906,28.525620,45.960460,27.057594,24.215530,37.047237,55.318322,50.427598,34.059087,22.655126,40.472547,71.921952,48.902139,31.313418,49.328343,52.459665,58.185162,35.653017,55.485859,14.358701,49.634045,11.250413,34.460677,33.532039,12.190534,77.102152,31.142730,25.688884,20.786810,28.861494,37.280365,13.718529,21.960150,56.939719,31.622155,36.698763,39.316318,47.698282,35.708426,49.429658,26.154484,64.590958,50.870823,39.339323,58.268047,9.166081,36.250190,26.233640,49.702086,22.698173,55.685559,54.736582,39.344611,62.461358,24.822783,17.489911,48.447409,36.120494,35.295322,24.875010,30.985084,15.060822,37.234292,35.875358,44.427716,34.815378,14.693892,42.313271,26.136646,29.924189,57.230597,65.002748,54.465297,26.114796,59.621045,13.378058,23.207599,47.787301,60.494210,28.333869,56.397314,45.426326,53.113646,18.999632,25.457684,50.016091,39.157598,68.662352,61.198512,40.274451,56.292080,50.948077,56.879195,34.217228,50.187610,55.954057,31.658170,30.002126,49.923138,52.972794,55.663058,18.770901,34.252427,23.108151,44.519753,43.854202,33.027999,63.847031,39.626496,16.131149,40.897966,69.766792,15.138655,56.637507,45.512907,55.314575,42.441328,26.530293,49.042932,29.710665,59.810314,66.909741,62.616630,63.063077,43.702946,41.110944,29.832371,50.761300,36.944417,30.150400,54.903312,22.172572,30.128942,52.085897,52.015930,35.572481,22.237152,8.898514,27.822018,63.427807,51.490200,63.578529,49.916904,35.521126,25.729386,37.198891,29.901250,21.197396,30.312838,33.978340,35.612273,62.316209,53.939649,13.000153,39.033403,46.311578,37.365646,46.820049,13.982622,20.381840,35.978871,62.234707,39.925967,27.077035,26.035204,54.396222,54.794933,52.362079,12.125722,49.610722,41.084524,29.227531,30.168187,29.440152,44.945247,48.901155,52.002324,33.535314,56.083933,38.302289,40.200285
90.278551,33.582551,35.726522,54.282498,95.812464,95.043947,92.592794,52.236790,0.000000,27.182107,84.299014,76.388114,87.591720,44.476444,64.757974,77.024541,81.932547,106.362442,62.479198,99.100579,75.222417,70.480089,72.717432,55.578013,28.892966,105.390993,71.903079,26.559546,68.130798,50.859221,123.573598,67.092591,35.948884,94.856029,97.668465,110.379840,81.821542,84.980052,43.679942,99.318064,59.429513,17.821148,59.676906,56.630574,129.053642,81.971113,54.262370,34.991688,53.565821,61.601950,65.817504,33.204038,71.131277,35.563239,78.015647,90.922750,97.071961,32.896282,7.942682,69.310005,97.325107,77.891099,87.117708,86.545222,45.701821,79.518777,63.434522,92.223699,74.341691,104.278590,106.069273,22.133425,79.781944,27.672715,69.043031,64.059498,67.642515,28.343465,77.099419,60.289298,43.554439,86.711319,57.742785,93.021921,78.069154,37.817595,90.607243,74.363454,23.792276,108.794601,117.138620,97.046199,64.041706,109.938696,39.109693,74.546098,20.435148,82.138701,39.974930,108.577770,95.799198,100.516971,65.082355,68.904463,11.469775,38.807439,120.387425,85.382913,92.096838,98.970594,1.961245,104.745642,60.209475,102.141565,100.199718,64.312624,23.984668,101.781794,77.630788,5.502821,33.827830,60.619744,29.631837,88.658188,48.936562,78.105257,115.780792,50.229463,37.425393,85.350987,121.828685,37.110387,107.355425,97.749620,106.147540,76.103210,78.228523,81.283077,28.022994,100.475268,86.770251,87.401522,114.674151,56.071843,93.317143,76.059623,70.909370,88.359848,33.000694,103.249850,66.307431,56.625951,81.330532,103.936041,66.064097,72.740415,60.912160,78.705075,96.742287,4.360105,84.328694,97.600111,86.757385,77.141009,33.448416,62.009798,51.021079,51.253951,83.760733,84.603908,93.820926,99.904586,65.222150,18.379203,89.204626,23.695976,85.397730,41.102305,70.812426,80.884270,78.260716,29.283161,27.212041,73.425816,92.449899,84.374673,104.497246,45.286630,91.149303,73.876370,46.894520,67.219171,79.535824,62.733404,84.336468,101.310876,81.648287,83.903587,14.367287,83.032633
92.024319,7.015524,24.011009,42.091637,70.644759,95.112868,68.390834,39.034125,27.182107,0.000000,60.118554,49.256528,68.234140,17.562841,44.813865,59.523806,81.998579,92.656457,66.109871,77.828748,53.885090,43.549365,65.194223,31.758390,2.365933,94.157927,77.455580,35.176783,47.055030,58.911928,104.323680,73.760256,10.574988,71.559445,74.103142,93.216209,74.197146,58.140325,38.516457,78.367276,41.488031,20.859992,33.703430,37.654968,110.428357,63.085129,53.867019,32.895180,28.242405,35.110054,50.364769,17.474876,44.149802,10.123800,73.508128,72.619960,75.962243,42.400650,31.040383,63.209901,98.579354,81.182311,65.435494,89.714867,30.063134,73.843850,39.860172,67.850240,57.140193,94.718296,86.712722,5.215845,52.736231,24.133096,56.261090,71.618379,41.960950,37.970073,61.453438,34.945421,25.047665,76.261412,31.206703,71.530380,72.348814,29.323942,81.321540,64.993539,14.280145,89.745431,99.453966,92.300355,60.428171,98.351039,30.063655,56.869442,39.874921,54.958333,43.954013,92.917891,84.254435,77.934544,56.897107,46.796408,34.298845,49.290346,101.361985,90.553877,74.177760,94.193557,25.221409,82.275903,62.208981,87.610087,76.130553,39.262635,26.949524,87.539539,82.082010,32.650673,27.313559,34.581879,25.793630,82.653991,59.213216,71.169918,101.072059,23.063871,31.227718,62.101359,103.718410,27.486946,87.132579,81.558322,86.102138,50.247110,60.826051,54.914808,32.769855,97.083985,59.665206,92.382870,95.551736,64.093578,76.754506,54.391239,43.736440,75.354055,38.652613,81.140431,59.410680,31.172964,83.710941,85.821665,40.308098,54.295158,45.815901,66.684299,97.654128,29.873089,57.172091,88.901711,74.087166,59.354333,43.819964,37.134018,49.134336,54.062255,63.730824,74.641409,95.618322,92.689495,50.924253,9.669544,65.113102,4.581570,82.859252,34.932883,52.507555,74.150206,51.282071,2.452221,28.245365,52.667291,66.786394,86.755492,87.126032,27.837450,66.497778,73.901875,21.317613,43.034593,60.093980,35.578301,83.560716,90.999872,72.467882,56.932476,17.426965,77.763971
90.689890,53.140459,52.043003,43.548098,12.899195,89.246162,8.312280,42.451763,84.299014,60.118554,0.000000,36.165075,23.178754,43.990087,24.315229,27.652302,80.608721,54.575215,78.715757,22.585425,15.127061,26.060197,55.670058,28.778027,57.813582,62.036733,88.758027,74.272447,19.800902,82.569742,50.254301,88.548494,49.644765,12.170256,14.211429,45.835777,59.183156,22.227484,56.713610,23.922005,31.201643,68.985960,27.468476,31.325064,57.103977,23.381867,66.504525,61.632503,31.941474,27.871212,34.235477,51.778201,39.812008,50.088175,66.027689,28.725107,21.635853,77.400553,84.585601,58.186600,94.277737,86.699573,13.310744,92.072557,42.581882,63.564621,20.871367,7.943130,28.553054,66.631762,34.881664,63.870626,38.920142,61.766431,40.926498,88.850978,19.498892,76.088694,33.607765,25.421837,41.932035,53.180280,31.183429,17.307294,62.744266,53.842329,58.829003,51.242749,60.918460,38.128246,49.589257,76.543243,62.485743,64.151524,52.779479,27.070259,86.868934,33.433706,70.713460,49.588998,54.742259,19.399866,51.909119,17.186386,86.408720,81.463772,48.091912,96.734984,30.759660,77.750893,82.509800,23.611738,73.895774,48.864362,16.022229,21.009739,67.907327,49.604976,89.572609,89.124593,57.204375,26.829021,60.915775,67.543461,86.188266,59.410484,58.332593,41.669321,56.434039,5.279288,52.239842,53.035604,32.960168,40.270152,32.562564,13.987747,28.077964,16.291340,69.770187,82.935846,38.813558,97.643972,42.798272,85.274840,36.352898,13.685707,31.714858,45.930892,71.684327,23.284413,55.307048,29.150996,86.470159,37.629401,21.123353,24.906103,36.161700,45.073727,92.872718,85.310637,35.984619,64.876474,46.251835,26.716119,78.982906,23.015207,62.751380,72.014809,19.328866,53.637924,93.316759,70.979882,37.134799,66.459666,4.995558,61.848800,75.532456,55.649107,25.718680,61.266314,40.129054,59.122201,65.807358,17.686997,12.741916,88.454039,40.664530,41.259100,7.257339,75.853592,38.840853,17.168443,21.062148,33.857476,79.784006,62.217099,54.596970,24.461003,70.320054,66.505613
116.091169,43.421948,57.031880,60.983407,37.606081,116.339305,40.850544,58.243137,76.388114,49.256528,36.165075,0.000000,58.047382,32.893613,45.722207,58.044524,105.398360,89.744893,97.164198,58.523736,44.491881,12.854782,81.378476,34.065063,47.761514,96.175042,108.611397,78.462681,43.049071,95.962075,85.528040,106.768660,42.316549,46.830510,47.482000,81.983568,87.568746,16.848984,69.011238,59.954122,49.838276,67.163898,24.763366,46.776496,92.433844,56.338591,83.527204,69.411764,30.339167,21.030605,58.320349,52.504072,6.283420,42.568156,92.087216,63.812802,57.740263,84.249844,80.042172,82.270976,121.026792,108.992221,49.039449,116.042902,52.348301,90.516955,33.698515,39.702884,57.549771,99.925140,70.983598,54.417561,4.235706,64.620077,66.604166,105.928082,23.791712,81.042312,63.530281,27.288459,47.613594,83.989970,23.212603,53.472228,89.339069,61.714666,89.923153,78.138476,58.345064,74.204148,85.681419,106.520262,83.964841,98.850144,61.307640,56.241623,87.237026,6.554134,81.180155,85.460820,87.786380,54.041743,74.955441,39.672150,83.067904,90.268772,83.666219,119.343675,65.886863,108.028059,74.427561,57.677635,92.295255,83.950948,46.809488,27.564432,70.145699,84.551259,111.191481,81.877096,63.137544,24.002075,64.968468,96.700485,98.172562,86.523171,94.285742,26.541889,64.784548,41.281142,88.103820,59.986502,68.758344,75.494102,68.498926,22.921521,58.993089,20.224072,74.542924,112.701655,10.439980,120.693922,78.622345,100.144655,71.136571,43.591021,7.487422,78.243896,78.926515,58.098067,78.536636,28.365857,109.930614,73.750499,23.633363,53.066343,57.183249,74.357183,119.736845,79.111200,8.011841,96.886100,78.051933,57.232266,85.903068,28.767838,78.698281,87.158704,53.396893,83.735823,119.241568,102.610346,60.933624,58.632997,39.324496,53.163123,102.338066,66.275554,52.648938,89.027065,4.297673,47.105357,69.592622,45.855288,32.110053,112.485647,76.700276,49.246653,37.494273,98.855803,33.800681,31.266976,53.153125,14.800665,105.486111,95.486927,83.606732,14.261059,65.589376,94.121511
71.167682,61.951616,52.031691,36.119964,31.417896,68.737980,24.012396,36.866567,87.591720,68.234140,23.178754,58.047382,0.000000,55.754699,23.462431,11.831730,61.872671,31.716909,64.623807,13.755823,15.527068,46.356609,38.056127,37.991802,65.885138,38.858943,73.000348,70.856152,21.449664,71.810748,36.228959,73.936211,57.946292,19.602699,22.233811,25.909654,39.041055,45.356230,50.221503,13.156171,28.162266,70.271327,42.114556,31.200992,42.199296,5.727500,54.720453,57.593119,43.462994,44.263598,23.646844,54.705138,60.676749,58.387474,47.202770,5.772234,11.704278,71.779256,85.746773,41.675103,73.846216,69.373999,10.126131,73.408985,41.915122,44.228785,30.958673,24.977554,14.463035,43.533191,18.592573,70.579669,61.243845,61.150664,26.024400,75.017337,36.651761,71.928389,15.701033,38.972029,44.503803,31.562584,46.282204,10.438108,43.741851,51.328697,36.795846,33.107053,63.995709,21.533237,31.516851,54.696533,47.634965,41.068489,50.034474,13.708145,84.646118,56.158142,63.330340,27.854468,31.796018,19.243960,37.227927,22.763383,86.631095,74.049793,33.180335,78.777058,7.844474,55.723822,86.081817,21.888028,60.254264,25.935892,26.249130,35.320880,66.690216,26.592366,72.565805,91.568345,55.345445,41.944360,59.637775,46.435692,76.121264,40.255323,36.741247,55.947655,52.991384,17.989480,35.550733,51.384678,19.854672,17.446894,18.591050,35.127948,11.071832,39.109435,66.555210,61.078632,61.808926,79.372437,27.378418,73.245275,13.221177,15.733932,52.443533,23.581362,66.484661,19.521465,39.917813,41.761774,68.365359,17.912015,37.766772,14.898645,28.069843,25.465649,72.408049,87.444165,58.861953,42.224638,24.261601,11.314393,73.137841,36.089516,52.329144,61.012586,4.991556,32.527270,73.396331,48.411059,25.613233,71.823935,22.705496,68.440729,55.659948,50.668145,16.830082,41.466576,62.218531,68.041688,63.868559,15.907017,34.230742,69.887381,19.935227,42.422230,26.516049,58.639627,49.187439,30.165219,8.173976,52.145239,60.469034,39.143202,34.283170,47.497661,73.250745,46.501471
93.485413,10.897346,26.868117,38.502241,53.694551,95.356159,52.101630,35.223983,44.476444,17.562841,43.990087,32.893613,55.754699,0.000000,33.520892,49.105685,82.900158,83.517908,70.366946,63.521177,40.453751,26.024910,62.150312,17.768840,15.619786,86.740032,82.058294,46.269387,34.387627,66.363928,90.935908,79.260450,9.442584,55.873319,58.179819,81.549170,70.379428,40.590450,41.137524,64.288400,32.698291,34.294836,16.703898,28.496711,97.371069,51.257370,56.916445,39.036322,12.526643,17.648313,42.617821,20.993816,28.581427,9.678597,71.919285,60.793933,61.825454,52.585943,47.402125,61.367861,99.442735,84.178233,51.168340,92.186438,26.554947,71.424672,25.196445,51.447945,47.167870,88.462412,73.610843,22.369380,36.716464,32.708095,50.082526,77.781056,25.010491,48.954728,52.445679,18.593167,20.522281,70.263568,13.753416,57.221840,70.005674,32.350318,75.879192,60.612849,25.535119,76.793872,87.259477,89.475418,60.592565,90.532569,32.388693,46.506779,54.362455,38.117978,51.079312,82.352890,77.028124,62.653329,54.211806,33.116763,50.302084,59.015820,88.182274,94.232580,62.587390,91.263461,42.527769,67.000297,65.822692,78.051549,59.831642,23.008678,37.787221,78.196498,85.744688,49.871146,32.575169,17.490903,33.439971,79.452530,67.832861,68.059208,90.955696,6.508343,35.228494,46.663206,91.135154,30.390170,73.385175,70.995069,72.508122,33.044719,50.396535,37.424664,42.663634,94.963708,43.312242,95.862211,82.416946,71.076111,66.108587,40.627340,26.704122,67.503071,47.638924,66.142923,57.386163,14.946331,85.993505,73.665499,23.330803,43.468186,39.019452,60.157880,98.334872,46.779872,40.564787,83.499049,66.563781,48.703973,54.198537,21.190117,51.894764,59.052867,50.906369,69.102280,96.952901,88.154576,44.109370,26.227190,48.956337,20.802059,82.000944,37.793117,41.968332,70.967404,35.535076,15.930610,37.668581,39.851717,49.578075,88.876446,75.482722,23.271611,49.920577,75.298381,6.821640,27.487150,47.968401,18.482078,83.825682,84.363066,67.646249,39.437190,32.783808,75.363243
70.883310,38.664842,29.867427,19.316199,37.206046,70.739308,31.469405,18.144753,64.757974,44.813865,24.315229,45.722207,23.462431,33.520892,0.000000,15.594809,60.301329,50.071677,55.384003,34.350588,10.906530,32.868284,35.791773,16.183204,42.473433,53.958642,66.017183,50.930302,4.514506,58.347042,59.665766,65.267513,34.634366,31.734412,34.817990,48.561306,41.888750,39.371577,32.453526,34.565588,6.906749,47.911631,23.311305,8.190954,65.655458,18.283957,42.634639,37.917382,22.138339,26.588484,12.637286,31.601880,46.109134,35.069194,46.534156,27.851589,32.314754,53.455528,63.601352,37.119767,75.506570,64.993758,22.604920,71.343788,19.738756,44.829262,12.157043,31.590051,13.814178,56.447865,42.024752,47.123297,49.723254,39.466687,20.886507,65.270067,21.965196,52.519262,19.490684,20.008895,21.273464,39.128589,27.075290,28.342382,43.683309,30.498749,45.037904,32.416852,40.993002,44.995611,54.669788,60.973975,40.019522,57.494902,29.322366,13.024869,64.126095,46.468006,46.451990,48.906611,44.551939,36.342875,30.041157,7.626738,64.883608,57.244273,56.640015,75.287810,29.486280,62.543836,63.164289,40.405726,50.481921,44.553081,38.127539,18.281614,45.404450,44.729658,67.573012,69.014287,34.209670,23.590210,38.265175,51.065257,61.895090,40.810810,57.452173,35.057069,32.813308,22.910388,58.904551,30.037709,42.818084,37.521085,41.685213,26.186467,16.880159,32.604671,46.444364,67.080399,52.884554,76.437031,50.835034,61.237886,32.636781,12.050214,38.609974,34.835879,47.785567,38.717227,33.630978,21.429669,65.390325,41.024604,22.115729,9.947634,12.589521,29.124181,74.189276,64.960734,49.555065,52.377518,34.174796,15.183748,55.001828,17.618663,38.639246,47.898503,19.169801,38.541762,73.904228,57.738787,15.366568,48.472176,28.202263,44.984350,56.722968,31.603691,8.505081,43.305679,49.982531,44.706708,42.936254,8.762333,36.431305,67.731197,42.462540,19.506519,31.466113,54.393245,26.728962,14.647964,15.296947,35.104909,60.118471,52.148019,38.068840,40.435739,50.393139,48.403444
63.109441,53.723800,41.301064,24.430566,38.766892,61.598888,31.546379,25.433604,77.024541,59.523806,27.652302,58.044524,11.831730,49.105685,15.594809,0.000000,53.179114,34.497661,53.701006,25.477429,13.838284,45.444100,28.428007,31.717123,57.230419,38.909415,62.722081,59.235231,15.866694,60.218399,46.608903,63.237058,49.682169,28.768066,31.780908,33.820959,31.547912,48.159607,38.455974,24.973356,18.146035,59.454781,38.029649,21.869422,52.036985,6.435139,43.185535,46.003697,37.631765,40.927238,11.912653,44.692918,59.485051,50.102866,38.511076,13.934292,23.381003,59.981578,74.724155,31.465991,66.626120,59.823913,17.896723,64.702563,31.420851,35.947855,26.403365,32.223721,2.735523,42.039165,29.308192,61.301209,61.725929,50.074523,14.760379,64.082288,34.693002,60.228203,5.967469,34.700876,34.867324,26.217828,42.021446,21.148661,35.175070,40.070465,32.090153,23.778073,53.752931,31.861234,40.326531,49.376542,36.800805,42.208790,38.760958,2.658669,73.087519,57.479406,51.498816,33.504472,29.925824,30.243920,26.176077,18.737405,75.424658,62.220965,43.389379,69.629812,15.082886,50.712184,75.601054,33.353600,49.169411,28.958576,35.754943,32.017188,55.420251,29.146901,62.861914,80.764388,44.130196,38.134118,48.456878,40.070971,64.459398,31.801963,41.932580,50.544086,41.543312,23.480717,44.885695,40.296637,31.285885,22.105455,29.936358,35.982098,1.308246,41.385881,54.987599,55.728394,63.629154,70.422277,37.721349,61.868780,17.256958,15.011702,51.507854,20.260392,54.726552,31.087817,29.175115,36.656211,59.269903,26.932973,35.350243,5.685332,16.542293,17.455789,65.222231,76.609544,60.433784,38.862938,20.007411,0.936428,61.328282,32.009466,40.600776,49.401072,10.614063,26.334426,65.686099,44.680821,13.781602,62.077106,29.213788,59.177306,47.888424,39.041272,7.160172,33.614169,62.337621,59.645887,52.510625,12.192948,40.204738,61.102677,27.776628,32.453664,33.156604,48.966301,42.303203,27.286058,6.845990,49.359768,52.217365,37.631488,27.009120,49.865722,62.784461,38.853472
10.727376,80.185610,58.314542,45.130399,91.924542,13.271090,84.640311,48.246712,81.932547,81.998579,80.608721,105.398360,61.872671,82.900158,60.301329,53.179114,0.000000,50.557562,20.360512,74.281897,65.800881,92.675987,24.973577,71.977774,80.640795,42.435687,17.513398,55.381193,63.881960,34.065246,80.901278,21.980077,77.234145,81.234790,84.028941,64.529963,23.193072,99.403137,43.494198,73.047417,55.563570,67.185500,81.154066,58.731237,82.451726,58.610213,28.524715,49.899216,77.012115,84.862072,47.799703,65.107657,104.758496,77.429808,14.717517,59.191610,72.597234,49.659439,75.265209,23.195261,16.641428,9.909147,70.646887,11.553836,56.375860,17.665694,71.854522,85.364865,52.058373,37.005879,70.215910,80.123897,109.531861,59.075597,40.011010,25.239324,82.009287,53.800523,47.382972,78.278939,62.381084,32.221641,83.884441,72.303816,18.148760,52.765196,29.584261,29.405788,68.687989,70.580421,70.660687,20.256521,22.308440,46.333823,52.170152,53.539822,65.593510,106.689499,41.978664,58.245955,38.436124,80.822675,30.448504,67.436675,73.346033,45.391045,77.835329,17.135377,58.245610,21.722022,81.679146,82.665642,21.741262,50.940891,88.057098,77.912694,59.477779,49.808080,13.269828,82.346192,54.764783,81.762949,57.069839,19.190684,38.184788,21.626040,59.653219,87.745178,50.777875,76.652765,75.382046,54.680408,74.396745,54.464060,72.989587,86.336275,52.996029,92.555925,54.300641,20.511637,113.126788,17.533080,74.452268,30.462614,53.935400,67.191236,98.022193,40.602998,48.946480,80.158084,26.862246,78.013004,7.031904,64.343381,81.892820,55.838630,48.247904,36.440468,15.660622,78.853542,109.786965,30.750623,39.176189,54.107294,49.582507,76.631604,32.954353,30.679972,63.149717,30.408500,14.076808,28.042671,44.965995,77.695674,82.391837,78.715820,8.260915,47.086968,55.348084,20.591225,109.554148,83.660251,56.685105,63.446155,93.289385,8.016687,61.932914,59.698171,86.335718,8.203327,77.307270,74.906381,60.004763,92.891349,3.262050,37.382564,27.870965,100.639320,72.654165,16.082656
56.236456,87.374053,71.610431,52.297431,60.418835,51.208915,53.515445,54.754096,106.362442,92.656457,54.575215,89.744893,31.716909,83.517908,50.071677,34.497661,50.557562,0.000000,63.049323,36.138240,46.034578,77.871303,37.057800,66.214778,90.457153,10.188827,66.757242,84.010737,50.089095,74.785158,30.969554,69.846639,83.366315,47.765215,49.261908,15.699301,30.502965,76.794289,63.313877,34.452486,51.466717,88.571691,72.171164,55.557574,31.907840,33.890050,59.291342,72.044242,72.123731,74.798910,42.296950,76.436636,92.190542,83.765167,39.368309,25.976106,35.625339,82.099592,102.474205,41.562800,55.947991,60.254255,41.264545,60.467271,62.964850,35.994051,60.562456,54.656419,36.350308,16.775935,25.878358,93.717478,92.960653,78.695121,37.410100,72.247243,67.751849,84.054724,31.321470,68.873506,67.609315,21.802497,76.250626,38.440325,36.660450,68.610712,21.486180,33.528918,84.677720,24.504540,20.587898,34.392269,48.759702,10.092176,67.342726,37.047022,97.694854,87.830262,72.624283,8.623063,12.780063,43.277256,42.664145,52.505737,102.278232,81.671981,28.196699,66.910352,23.907014,34.401356,105.234740,42.766947,60.377827,5.800505,52.645619,65.772897,82.850461,5.367909,63.695386,109.203502,72.548585,72.176801,76.733066,31.366895,79.574272,34.204189,10.031414,85.028715,68.969676,49.299742,25.014763,69.520580,30.392141,14.315707,29.393861,66.833667,33.234133,70.728726,80.523290,39.692392,93.376796,66.686123,26.214053,73.922138,18.640180,46.646685,83.984335,18.005035,78.091814,40.558153,42.839921,71.058871,57.544515,19.972477,68.691907,40.180761,46.945169,27.735718,54.568829,105.054064,90.489816,20.461710,19.647269,34.991369,82.988011,66.086300,59.609308,65.461382,36.367513,24.247129,57.061322,25.532916,41.981020,93.736114,53.169581,91.659259,42.390774,65.432300,41.576584,32.931161,93.928192,93.075513,79.640166,45.428128,64.328150,57.678148,16.448499,64.855930,56.580366,51.776289,76.699995,60.750065,37.270524,83.029856,47.835984,14.014264,27.782677,79.029579,92.839772,35.372507
27.802579,65.571741,43.884027,36.759010,91.174083,32.899543,84.410934,39.131926,62.479198,66.109871,78.715757,97.164198,64.623807,70.366946,55.384003,53.701006,20.360512,63.049323,0.000000,78.212964,63.633931,85.053135,27.802508,63.113875,65.115693,57.017603,11.692354,36.012940,59.667736,13.815494,91.002056,9.883574,63.240537,82.362510,85.422887,74.591905,32.550629,94.327207,29.229628,77.324196,49.186333,49.027569,72.401192,51.180931,93.854231,60.004189,13.674292,33.214825,67.150384,76.135019,44.515506,50.506528,95.398755,63.346553,23.943892,63.703310,76.246925,29.739239,55.488800,23.475502,34.861053,15.546788,71.484714,24.262047,45.119372,27.163311,65.220232,84.885326,51.717391,52.903932,77.372393,63.444440,101.396625,42.148092,38.944052,10.395378,75.222026,34.141492,48.928175,70.023618,50.574833,41.648237,74.325519,74.708817,26.397190,38.220777,41.793552,32.660276,52.075143,78.551194,81.370532,39.107207,16.989514,61.449313,38.031268,53.048967,45.360004,99.615076,23.133133,69.373263,50.269559,83.760846,27.525308,63.005627,53.354761,25.069202,87.721828,24.444054,63.396652,40.842032,62.397369,86.492589,4.929579,61.717049,89.355980,70.779041,41.280616,60.764229,15.993503,62.489203,39.080143,73.176790,40.354416,34.130282,18.212014,28.962984,72.925259,76.002714,35.597752,75.797833,86.367807,40.215183,80.961251,62.627009,79.499803,81.161190,54.015063,87.720867,35.658751,40.597283,106.020934,26.286172,83.372957,11.137637,60.553424,65.075820,89.678073,48.522428,29.876089,84.085845,24.709082,68.833171,18.851786,72.230832,74.702938,54.321586,42.849889,40.774095,34.326482,59.163118,102.694759,45.913345,46.738256,54.516921,29.498849,69.031005,18.630013,12.093567,64.315068,39.260996,31.342096,45.214321,41.651560,60.434447,81.606293,62.325959,26.188595,32.614276,53.183661,30.138215,101.056537,68.057744,38.863701,61.046257,91.335037,21.902885,70.628469,48.394440,85.356556,13.404555,65.776171,68.974613,60.272843,83.363782,23.282413,51.924074,35.793052,95.068700,54.510216,28.692422
