Traveling Salesman Problem Specification

Visit 200 cities. Distance table:

0.000000,55.051787,33.979447,35.732615,64.267241,55.527321,52.972571,65.296274,42.611660,78.252121,16.382923,56.127457,17.407061,49.518152,46.820121,61.395216,50.760653,54.745504,45.143334,35.493158,46.856887,64.838488,51.823521,36.386532,19.319393,28.694685,62.623495,46.695171,74.744675,84.526600,43.128678,32.769940,62.188712,19.308695,48.137533,37.306140,37.384742,67.843351,26.610106,44.368161,9.549943,12.399798,65.878535,30.287112,34.940078,66.179963,57.487149,7.703590,23.524224,56.863257,72.680892,26.476899,34.807274,34.047868,29.626289,68.866225,60.490541,17.729710,26.632741,26.165221,53.640837,41.966389,40.981827,43.360139,46.102482,32.216705,62.004123,42.653423,34.858820,71.155708,18.206192,45.409713,20.498943,16.370061,84.259921,49.063729,20.369031,25.932329,46.083109,36.301503,42.105458,39.622751,77.740119,47.944892,19.289874,35.992629,50.588451,36.366458,46.840674,61.002456,79.570113,29.898724,65.821312,34.878388,76.111774,32.059264,18.349373,17.514617,65.432177,37.039677,70.568157,32.181344,56.461480,54.786207,47.754642,70.014803,43.743157,49.189950,42.224240,42.028017,9.624249,39.872409,41.446938,37.774723,58.157515,38.512702,32.296455,53.014933,53.667308,33.456362,50.899623,76.705288,28.645775,22.777665,70.042105,53.451657,17.169966,42.255332,48.072952,38.221478,37.043450,5.926890,50.907032,21.771857,40.743790,68.734789,34.776109,12.377090,56.890426,25.062031,7.316912,28.764936,30.145221,39.210218,18.093549,35.131879,46.078170,4.734822,41.881129,69.936095,32.420691,29.829946,56.613467,21.933530,35.254564,42.963522,51.100725,46.009089,60.135467,51.162964,69.339817,25.758651,27.674084,42.214414,39.246914,59.764846,71.368121,32.436468,50.763192,10.966575,16.441926,6.845252,52.849492,13.325822,43.399204,73.899888,29.651248,58.752785,51.873146,63.987940,65.326502,64.359561,21.159489,16.336589,44.250262,74.521029,26.229707,40.279704,10.834736,76.270686,20.330494,36.759229,50.984399,67.182042,30.895159,53.489949,43.787020,42.156076,18.877244,34.888651
55.051787,0.000000,39.206983,90.778000,15.110499,43.173611,23.991868,39.841323,88.776286,50.804405,62.563400,26.659095,69.026322,12.282306,95.883429,13.610975,85.756178,4.517942,14.845147,75.662068,69.620517,54.170285,94.706285,90.188931,35.755789,62.000096,63.933570,61.052172,86.697457,42.903265,48.366133,54.238760,43.428564,74.195431,21.720212,45.335684,54.575298,26.242239,28.753873,61.141448,45.839323,61.355066,98.061383,48.481056,83.350670,21.265964,88.030264,60.642231,77.964975,4.633759,57.147031,74.692117,47.666198,27.112013,37.021445,55.610779,33.775022,69.773627,80.048654,48.692809,35.022085,41.329609,14.084683,13.068835,52.442986,51.774445,19.393582,88.101937,34.728050,42.057271,71.822531,100.458488,71.395266,60.388108,44.312514,68.766605,39.778681,80.692783,66.127368,22.739482,93.185237,51.665407,51.547545,48.897109,68.296735,48.587271,105.597064,37.827839,38.015352,83.410167,41.918668,81.716804,66.810953,57.062963,32.670136,87.012451,51.563643,47.566629,64.383712,85.407194,77.715460,58.644360,20.960006,35.388973,102.806224,38.481543,98.786352,28.639883,44.499399,23.054717,50.447014,28.527746,18.108595,68.951178,33.001724,79.135539,76.829627,66.926696,17.122281,24.906101,40.324299,51.164996,35.437375,52.337663,77.835898,68.292663,58.552731,63.799692,67.368354,40.522867,18.101262,60.962302,90.808688,52.915665,85.308624,98.534175,78.100479,60.158299,74.678785,30.992180,61.353346,55.569789,85.188150,94.245484,73.045154,80.251141,20.320031,50.802538,46.025157,35.881292,43.418521,71.810566,81.555388,71.260818,89.395271,97.648603,35.586853,66.045098,95.721017,21.611895,40.134923,52.813540,64.266366,25.859142,29.096141,93.820654,96.019517,84.595935,4.298016,50.171950,67.723219,61.505902,52.900872,57.376872,97.662276,99.908176,81.239453,29.833656,93.583307,82.118957,37.462903,32.137173,51.706597,64.376962,41.817750,50.118525,32.044391,58.051813,61.319379,40.035649,72.928267,25.182290,30.157939,48.515572,74.491072,40.213356,37.063075,95.808588,47.962718,86.201074
33.979447,39.206983,0.000000,64.093975,53.610723,65.554192,52.533984,69.507609,76.526055,82.674479,30.860579,56.290373,39.074639,27.942214,80.714672,51.393664,82.517439,41.746533,24.429921,68.014404,73.673694,77.229938,85.471545,68.624017,25.219773,24.414638,80.988897,69.520363,99.077232,80.395691,12.402006,56.654494,69.759327,50.851567,47.404164,54.551112,15.463768,62.631849,27.042837,68.044179,30.167740,31.982239,97.379504,51.480108,68.918674,58.630181,88.130958,34.696106,49.937006,38.115521,83.303871,60.381732,54.209442,37.932689,42.627689,80.331471,63.208964,51.640196,59.666882,11.872730,20.414411,8.259288,28.919030,26.749527,16.737424,12.760967,55.416754,76.502147,45.424146,73.960683,51.563144,73.719797,40.260945,48.432514,81.273615,74.746481,36.051421,53.185735,71.572988,17.384713,75.689257,59.886358,82.851420,16.045353,53.130342,55.603863,77.487488,2.633789,56.809826,88.840855,77.846212,63.547305,84.357881,17.902097,70.301694,59.711065,44.795735,41.107836,82.908700,71.019096,92.468013,58.623768,53.068843,21.529869,75.771978,71.256040,71.524257,18.064948,9.621433,16.590087,24.645628,11.308204,21.148488,67.230397,61.337583,71.316684,65.774943,76.451864,27.957545,16.504374,60.936945,82.106942,7.742265,16.870191,92.201776,77.375011,48.139518,67.945304,73.455909,4.510960,25.967155,38.101361,83.976242,48.164057,74.450001,99.601645,68.086429,45.397888,82.486342,18.762563,36.288591,54.635332,58.898990,68.178213,49.508096,68.802532,20.471011,32.665248,10.167749,69.653239,4.384500,62.539765,85.164299,38.968560,67.142594,73.441335,58.279138,71.485873,92.413599,23.339259,71.882620,50.938158,27.306936,45.209678,44.979882,91.605110,100.594802,65.897510,36.094697,38.027877,50.421318,40.315676,69.233252,44.804902,67.322472,103.703021,63.368790,59.839333,85.329442,90.275313,68.145519,64.472296,46.946191,49.833229,57.302966,80.381192,33.506684,63.776534,33.058698,75.219363,54.040008,39.175693,19.161837,75.487248,64.104843,19.541600,54.045989,74.308882,42.529245,68.557329
35.732615,90.778000,64.093975,0.000000,99.638971,84.777360,86.813092,96.501562,34.348445,108.412159,33.456733,89.565815,25.123835,84.679779,30.728291,96.749115,52.950657,90.441980,80.270730,40.783047,61.641318,91.439284,43.882931,13.015867,55.050531,45.352999,84.595807,67.064991,87.787745,117.877732,68.770168,56.205404,92.033203,17.062899,82.406649,65.249604,59.619143,102.123791,62.286131,64.327482,45.103144,32.167231,65.334916,57.244737,28.136430,101.023782,61.331124,30.746319,14.163533,92.484957,99.661856,28.545112,61.795150,68.562740,61.916221,95.659326,92.707668,24.939342,16.560564,52.854022,84.469412,70.602322,76.700758,78.890018,69.949010,56.248514,96.806232,35.563532,67.092425,102.552814,21.371239,9.809443,24.583841,36.699593,117.240341,65.028338,54.041093,10.909080,63.140201,71.153299,23.918954,64.511347,107.580819,73.573565,29.278274,62.465362,14.921631,66.726001,77.322235,70.504262,112.301114,20.318947,87.151860,55.478282,110.239898,4.452508,45.860219,48.024048,87.836004,28.595884,87.487836,52.672974,90.834562,85.567787,12.078814,102.137151,8.011032,81.587554,69.570729,76.044024,41.602480,72.816253,76.454280,50.761404,90.387038,41.066099,34.368148,71.139260,88.166404,68.336563,80.759810,106.466101,61.264020,47.790986,86.714660,70.844061,39.174351,60.155873,64.742253,67.363297,72.737792,29.816058,47.369076,47.373136,36.279086,69.633695,36.501241,34.176600,71.130062,60.387754,29.703609,51.501703,5.590692,4.186799,18.022935,33.911995,80.298583,40.114057,68.568777,102.637287,60.900586,37.583044,65.653801,26.693460,11.171747,10.616063,82.359730,63.105948,57.943404,84.980108,100.973580,50.694491,42.171273,76.033458,72.583925,59.322068,76.039810,19.057934,86.492049,42.714436,27.077633,29.497985,78.175117,37.724173,11.875777,76.795475,20.970088,91.700041,45.538543,75.696116,97.130881,97.257132,47.762849,31.925884,73.448799,104.198901,61.057472,61.634877,31.320219,108.913791,22.206353,71.302453,83.014538,96.131812,35.557434,82.751974,74.595456,15.556941,48.643761,21.512195
64.267241,15.110499,53.610723,99.638971,0.000000,36.400223,18.173942,29.055298,92.630262,37.859750,74.153088,18.753741,79.799972,27.391630,100.475136,2.895388,86.390832,11.869169,29.651590,78.615905,68.476124,45.644365,97.160889,97.293638,45.308124,75.371788,57.521798,58.844053,80.936457,27.820835,63.313437,55.458230,34.268693,82.651762,19.615462,45.052328,69.068506,12.113323,37.845427,59.607262,54.726756,72.362923,97.085384,50.357732,88.276033,6.775241,87.232311,70.742945,87.748130,18.310161,46.773831,80.103956,48.164313,31.588068,40.325943,46.092058,24.113292,76.820873,87.213523,62.234567,49.951758,56.294747,25.763108,26.874587,67.447662,65.908775,7.267985,91.752504,36.342422,29.634570,79.424262,109.049827,82.428849,66.202735,29.327952,66.889805,46.067699,90.195957,64.713107,36.498084,98.729091,50.760011,38.856520,63.981202,74.470499,48.714816,114.560571,52.445770,34.365242,80.724940,27.323091,88.038985,59.945277,71.280216,17.611009,96.213085,56.693279,53.228553,57.240967,90.206410,71.404286,60.275531,13.138360,50.252758,111.442932,25.816678,107.611607,43.718710,59.450660,37.914011,61.391787,43.331234,32.511073,70.188452,24.320374,81.914707,80.945656,63.684749,31.838949,38.196257,35.105564,38.681393,49.003532,65.401202,71.687168,65.126641,64.042138,63.158143,65.568896,55.283330,29.667218,70.152844,92.546289,57.119112,88.836607,96.849160,81.755156,66.926580,71.564732,42.512480,71.151733,57.952887,94.110926,102.779117,81.627421,84.288645,35.402721,59.673732,60.945456,22.790808,57.679716,75.647299,79.726199,82.659744,96.771240,105.415998,30.166190,64.640595,95.872452,36.590494,27.975630,55.948759,77.368629,26.085262,29.973942,93.637155,93.044786,90.953826,17.540007,57.318261,74.650488,70.156222,47.968037,63.727627,107.629421,97.081965,87.484212,20.628632,95.721942,78.378864,26.306290,20.557897,56.091330,70.672618,39.137698,38.056547,38.663717,57.380109,72.021220,25.848596,80.009096,28.943478,45.176068,38.404880,78.529398,55.222640,34.683769,102.676091,53.193162,92.112565
55.527321,43.173611,65.554192,84.777360,36.400223,0.000000,19.367516,13.234128,66.577847,23.645153,70.798720,17.702021,72.897803,51.209713,75.338985,34.710328,55.094106,38.854590,50.159984,52.085967,35.809970,11.847608,68.196190,78.060605,43.647234,78.678856,21.185267,25.577010,44.549390,37.170735,77.834290,29.416828,7.343496,68.528240,21.805874,19.527804,79.104782,28.669277,38.928286,27.307396,47.703130,67.378379,63.219478,27.532880,64.841145,31.874334,53.907470,63.230868,76.755049,47.805761,18.004703,58.687779,23.021072,27.660410,26.375358,14.788891,13.452633,59.838083,69.141586,68.357716,72.724735,71.953213,40.541504,45.308517,82.235245,74.261892,29.249129,65.366673,21.634869,18.959523,63.475715,92.704610,76.008378,48.093995,35.573939,33.321895,35.870730,78.097475,31.998984,50.398095,75.741826,21.511293,22.810522,80.631168,55.688317,22.484854,98.856184,65.890523,9.110687,45.615767,30.473225,67.814354,23.810507,79.341259,33.725012,82.620536,39.386854,38.412150,21.267757,66.315545,35.098004,33.920776,23.626991,73.494027,95.053378,20.062416,92.006833,65.526956,74.511694,56.210022,58.430352,59.913122,50.228461,41.354958,12.365545,54.694468,56.548190,28.693955,57.905604,49.917853,4.815183,21.702966,58.166451,68.955286,35.341281,30.138521,45.624148,31.876935,32.214470,69.221669,41.448949,60.096227,62.637599,37.442130,62.447299,62.261106,56.300039,51.041168,36.355904,47.310186,62.664490,33.812327,79.942196,86.756604,67.988180,59.360043,56.496344,51.131726,75.468909,22.100099,68.075948,51.319013,45.498978,77.429747,78.257683,87.180960,7.874696,31.948628,63.423739,60.588749,17.964779,34.108580,79.240539,20.821757,20.575910,60.834535,57.472370,70.511786,41.466833,44.877448,57.711456,58.586128,12.291473,47.513604,95.305552,61.556068,67.135708,16.018334,66.299045,42.536302,15.143402,18.849599,37.168082,52.851672,11.459719,19.441737,33.546155,26.980536,66.122960,27.235565,62.640461,26.434666,67.641418,11.668036,54.256930,76.710622,12.189507,82.427280,37.323887,70.516192
52.972571,23.991868,52.533984,86.813092,18.173942,19.367516,0.000000,17.326214,75.960047,30.178394,65.670755,3.762774,69.861847,33.212719,84.139373,15.984549,68.512441,19.583370,33.026814,61.652158,50.354259,30.179805,79.801055,82.815711,36.047798,70.234690,40.451162,40.671549,63.638952,31.569553,64.147263,38.106961,19.636190,69.779738,5.312787,27.368176,67.418649,15.437312,29.197225,41.472628,43.662510,63.060212,78.932928,33.481375,72.297799,15.746169,69.106100,60.244810,76.251313,28.619659,33.591702,64.604654,30.696754,19.032758,25.097232,31.754633,10.906396,62.734660,72.975563,58.155942,55.816261,57.617821,24.388885,28.434517,68.554098,63.206006,11.894774,74.984162,20.237406,21.426705,65.781525,95.786272,72.777308,51.397178,31.451237,48.719880,32.944015,78.297532,46.574735,35.651838,83.022953,32.787158,30.448718,66.148730,59.696479,31.086519,101.608700,52.240039,16.191551,62.588069,27.019053,73.074785,43.166141,68.580920,23.430532,83.828649,41.736694,38.921828,40.634400,74.119299,54.348880,42.999606,5.137381,56.454156,98.191709,18.861662,94.613053,48.722585,60.501954,40.188738,52.587217,44.721609,34.020500,52.606955,9.467366,64.826962,64.576898,45.574134,39.638361,36.046786,17.225548,29.779504,46.023022,60.061102,54.545851,47.010632,49.053302,45.132533,47.403092,55.496729,26.641280,58.541394,74.954106,41.435070,72.036308,78.675358,65.111001,52.920733,53.457869,36.496969,60.243484,41.099273,81.461661,89.554305,68.918617,67.823434,39.551601,48.237950,61.711124,17.754788,55.849622,59.204447,61.552382,73.553616,82.539667,91.404148,12.265630,46.503305,77.859277,42.949944,19.348672,39.595236,71.550125,10.816170,14.268309,75.574722,74.958493,75.965547,22.786954,44.152215,60.520178,57.922545,30.146753,49.477770,95.936226,78.981718,72.469065,7.311710,78.251152,60.394398,15.663172,12.229067,40.585608,56.115084,20.991623,28.231768,26.890998,39.390717,62.289398,23.899208,65.865814,16.422109,50.692887,25.009944,62.154554,60.327557,16.650131,87.917965,38.514943,76.762657
65.296274,39.841323,69.507609,96.501562,29.055298,13.234128,17.326214,0.000000,79.722767,13.425771,79.588333,13.767025,82.665611,50.168809,88.447609,28.290389,68.229992,35.325374,50.268407,65.204054,48.894695,17.557871,81.427251,90.482926,50.742765,85.769963,31.046540,38.680781,54.136106,23.958935,81.303621,42.177257,6.848365,79.892128,22.169788,31.704763,84.113221,18.526207,44.687680,40.503253,56.670276,76.517770,75.778844,39.563649,77.736129,23.061521,66.702108,72.920378,87.570756,44.310443,17.731524,71.252933,35.340890,33.472443,35.687694,17.210072,6.420387,71.635316,81.281354,74.299874,73.010405,74.856770,41.703935,45.735392,85.720531,79.682810,21.942265,78.528866,30.437780,6.057953,75.130374,104.768223,85.717978,59.863190,22.342904,46.262126,44.986887,89.177297,45.111957,52.868769,88.652123,34.545711,13.390628,83.420928,67.757894,35.018410,110.852662,69.348873,19.181305,57.753578,17.239144,80.296701,32.788558,84.990123,21.567586,94.071787,50.679143,49.024662,29.925982,79.270839,44.344918,46.831450,18.919672,73.614323,107.141791,6.908071,103.934396,65.959934,77.701526,57.514471,66.723939,62.022249,51.346192,54.564779,8.173794,67.871075,69.491143,41.199707,56.358218,53.101450,16.055903,12.603405,62.714559,75.706937,44.785671,42.613662,57.390379,45.103295,45.216437,72.632652,43.796893,70.342463,75.848302,49.207726,75.600418,74.522773,69.350372,62.409327,48.573150,52.610322,72.587850,46.367371,91.477509,98.714701,79.239751,72.379013,56.796614,60.680239,78.872946,9.415414,72.637276,64.206301,58.082080,86.863833,90.567123,99.517261,14.275183,45.065066,76.356830,59.980652,4.747724,46.219232,86.765684,25.012437,26.769950,73.709056,69.106781,83.053045,39.452480,55.188828,69.459688,69.160696,24.955102,58.851266,106.631880,73.194032,79.630331,10.235782,79.521926,54.075364,2.846450,8.541426,48.749117,64.676714,23.375375,10.923257,40.774199,40.195384,75.470836,14.016412,74.560533,31.368255,67.894697,9.408593,67.165877,77.603074,21.950332,95.032293,48.154009,83.221886
42.611660,88.776286,76.526055,34.348445,92.630262,66.577847,75.960047,79.722767,0.000000,89.117646,52.698853,77.509329,46.421769,87.232404,8.901544,89.860362,19.595754,86.767759,83.232511,14.545510,34.118148,69.347587,10.273385,21.515031,56.598327,67.150132,58.903973,42.817357,56.031438,103.388573,85.541652,38.151729,73.748447,30.763630,73.131613,49.103070,78.824639,90.948435,61.572446,40.369444,47.631731,49.078437,30.986798,42.486139,8.172434,91.665708,27.762588,44.069862,39.139546,91.957751,77.199307,16.145083,45.533457,62.015166,52.482150,73.352291,77.967262,25.432552,21.698927,68.392304,95.720737,84.570197,76.094123,80.032933,88.227961,73.996816,87.638427,1.476748,56.299825,85.537336,26.882603,36.454473,48.197496,29.420276,102.011447,37.640393,49.261802,37.244569,37.031512,75.655504,12.175603,45.205879,87.911677,90.412325,23.401620,45.430800,42.176469,78.849239,61.893603,38.358503,96.887388,16.305370,60.656446,75.620883,98.078082,35.918108,37.287951,41.419435,62.152051,6.509788,57.843863,33.269362,80.901982,96.863353,38.096122,86.358173,37.338534,90.621127,84.811410,82.320846,52.173611,81.254685,80.097205,25.402879,75.916537,11.965887,11.956812,44.247045,92.683024,72.968275,63.930698,86.772502,70.665561,64.352678,56.980551,43.445857,30.736833,35.550927,37.956072,80.816705,72.979325,39.436891,13.032677,35.917260,4.144805,35.300604,10.877432,31.444665,41.507843,64.309997,42.235567,34.861595,33.504402,33.113081,31.791650,8.533083,85.899826,44.093324,84.413117,87.869315,75.017190,17.042819,33.785880,50.967094,23.210549,29.062678,67.304342,37.037704,23.605435,91.282776,84.470374,36.683823,64.825928,66.559477,62.668278,25.007352,42.041064,15.983302,84.694912,40.578610,26.268773,36.780073,56.474165,32.964879,45.783531,42.535249,16.003880,78.412597,11.438879,44.142817,81.251480,83.329899,37.092959,26.868516,56.992967,84.569244,56.867978,39.682347,47.235727,93.562189,23.840053,64.353904,92.584083,76.268339,14.286603,95.961230,60.106911,21.982708,40.869021,13.030780
78.252121,50.804405,82.674479,108.412159,37.859750,23.645153,30.178394,13.425771,89.117646,0.000000,92.828411,26.448183,95.654789,61.967288,97.981516,37.944460,75.600534,46.385640,62.533921,74.818627,56.386268,20.674218,89.601545,101.608242,64.142589,99.193017,34.275552,46.595155,54.966508,20.605657,94.324154,52.891653,16.388195,92.082353,35.271573,43.166247,97.411804,25.827409,58.110996,48.860766,69.825011,89.676631,80.993082,51.169319,88.008249,31.144489,72.743465,85.918726,100.113230,55.004820,15.024141,82.188560,46.664706,46.893467,48.639224,17.556953,19.499171,83.473285,92.774141,87.702751,85.047472,87.765721,54.465215,58.196666,98.729132,93.037544,31.616825,87.831734,43.460646,8.892369,87.092923,116.340287,98.730547,71.718889,17.951968,53.293835,58.057742,101.566123,52.842970,65.821312,98.852680,44.767454,1.654167,96.258699,79.331627,46.099348,122.497311,82.416836,31.530783,62.431971,14.517203,91.345262,34.755139,98.360520,24.283523,106.206853,62.872831,61.588937,31.999565,89.378272,45.379233,57.220033,30.648553,85.575561,118.685384,12.322903,115.651690,78.130003,90.669514,70.091515,80.029429,74.798825,63.941367,63.714783,21.511531,77.153048,79.670790,47.337045,67.790316,66.208111,27.749395,2.566037,76.001598,89.132686,46.031730,48.612015,69.246463,53.664890,52.493481,85.675122,56.818914,83.131745,83.718434,61.054660,84.973178,79.041578,79.205093,74.576459,53.759402,66.002053,85.506276,57.380579,103.545709,110.400909,91.507466,82.323483,69.030633,73.693693,91.887528,15.099704,85.896572,74.548529,63.745350,99.960951,101.847657,110.755933,27.190983,52.814080,82.698826,71.792237,10.943519,57.753650,100.171504,38.436004,40.139853,79.883696,72.486018,94.007032,51.105657,67.911127,81.339732,81.800557,32.678844,71.033322,118.865956,76.479224,90.661356,22.868310,87.528696,57.784296,14.529523,18.876348,60.738578,76.486740,34.987660,4.572883,54.138404,49.528758,88.574603,13.486529,86.284858,44.791589,79.971216,12.849948,77.442915,89.843927,34.518018,105.863821,60.606699,93.889843
16.382923,62.563400,30.860579,33.456733,74.153088,70.798720,65.670755,79.588333,52.698853,92.828411,0.000000,69.123953,8.336866,54.248932,54.564374,71.404643,64.443760,63.351438,49.918504,48.985606,62.784065,80.640981,62.733252,39.758243,29.680182,14.455263,78.964328,63.059616,90.821193,97.042904,35.594954,49.150710,77.133153,22.760730,60.510410,53.286556,27.118483,79.658347,36.909995,60.705931,23.105775,4.187937,79.435892,46.547873,44.535756,77.196864,71.803107,9.847294,19.327891,63.260452,88.319546,37.588718,50.985147,46.747174,44.463005,84.585707,74.303542,27.743013,32.365387,19.406654,51.122175,37.146217,48.873696,49.700584,37.249902,23.107373,73.192113,53.131877,49.472401,85.245044,25.816314,42.952483,9.467606,31.556355,97.098674,65.159774,34.950856,22.615057,62.240472,40.700759,48.553126,55.934753,92.454047,40.477662,31.471420,52.211145,46.628015,33.491399,61.867863,76.465669,92.673351,37.254890,82.177678,23.399291,87.954919,29.025359,34.731829,33.647376,81.739917,46.383013,86.895433,48.407473,68.436250,52.206839,44.958435,83.698564,40.712829,48.701433,36.161677,44.336457,13.089498,40.406899,46.020968,53.158322,72.015976,51.525973,44.485688,69.318773,56.621977,38.093264,66.060693,91.463977,29.172488,14.334406,86.356058,69.714438,32.876308,58.432147,64.222386,33.942182,44.809371,14.941232,63.081369,38.143277,51.877685,82.704367,47.174545,27.179440,72.915299,31.760441,11.492601,45.093208,28.504077,37.602380,21.507277,46.655334,48.656103,20.013169,35.220903,83.223847,27.481743,43.405449,71.911463,8.735821,38.027106,43.256712,65.674934,62.169012,73.094590,52.852007,83.329156,42.138876,12.373608,55.315558,52.911928,73.157288,86.182624,38.953767,58.488205,27.212165,27.657199,17.830238,68.985736,29.107804,36.678725,88.409365,37.311934,72.092461,63.280520,79.810106,79.291357,77.609682,37.542307,29.888171,59.776191,89.340444,39.015545,56.645368,6.100686,89.491351,28.875489,49.268882,49.970005,82.358363,43.696256,49.295243,58.766530,45.148868,35.081072,42.004592
56.127457,26.659095,56.290373,89.565815,18.753741,17.702021,3.762774,13.767025,77.509329,26.448183,69.123953,0.000000,73.140090,36.476523,85.829111,17.009880,69.174816,22.165113,36.501392,63.088580,50.626820,27.756685,80.919776,85.173869,39.564422,73.913343,38.879293,40.702958,62.248727,28.442592,67.877545,39.429543,16.781246,72.573456,9.036085,28.521619,71.181239,13.439118,32.820162,41.739659,46.909387,66.435861,79.025899,35.176304,74.177014,14.982613,69.315113,63.482297,79.282165,31.242116,30.529728,66.697888,32.008758,22.392077,27.669464,28.967276,7.374805,65.271397,75.431018,61.889270,59.250451,61.324326,28.053157,31.981436,72.281410,66.962136,11.754359,76.484435,22.597045,17.672483,68.416943,98.422937,76.083023,53.791495,28.141537,48.758266,35.938544,81.252998,46.804149,39.373133,84.977261,33.492573,26.752969,69.837300,62.053021,32.244681,104.303207,55.981487,16.399168,62.228737,23.563261,75.316595,41.419620,72.334451,20.938195,86.678342,44.159572,41.563862,38.785111,75.946992,52.787723,44.336860,6.006090,59.862337,100.826326,15.114510,97.311159,52.193460,64.221693,43.795423,56.053981,48.393543,37.628898,53.638948,6.342811,66.174825,66.313899,45.158584,42.775192,39.799302,16.468239,26.109204,49.784716,63.746566,53.040694,46.608041,51.406149,45.655726,47.485199,59.232735,30.383077,61.617741,75.898542,43.606865,73.528257,78.549346,66.710542,55.530278,53.016787,40.214744,63.422582,42.726026,84.264781,92.213450,71.749323,69.501993,43.029615,51.398203,65.440555,14.139340,59.612301,60.930017,61.483694,76.920900,84.967260,93.867977,11.618792,46.737180,78.304893,46.266683,15.593764,41.498967,75.191999,13.929607,17.029537,75.932118,74.442205,78.190064,25.862338,47.022437,63.055654,60.892490,29.246637,52.045243,98.886906,78.496574,74.696717,3.591249,79.289017,59.694355,11.957995,8.555712,42.832484,58.554905,21.409723,24.620166,30.211519,40.013360,65.617839,20.368840,68.373794,19.860364,54.132836,21.901377,63.898966,63.837180,17.527702,90.180421,41.055682,78.864326
17.407061,69.026322,39.074639,25.123835,79.799972,72.897803,69.861847,82.665611,46.421769,95.654789,8.336866,73.140090,0.000000,61.434827,47.426364,76.986425,59.866855,69.442536,57.052999,44.596566,60.583880,81.981109,56.629350,31.849371,34.579581,21.544900,78.868937,62.202876,88.686348,101.421831,43.851796,48.681080,79.592570,15.731000,64.871241,54.403100,35.107388,84.403074,42.029602,59.682417,26.235851,7.736678,74.590679,47.044596,38.271607,82.343269,67.615139,9.745284,10.992121,70.070210,89.907408,32.285749,51.683005,50.832480,47.020431,86.054384,77.761701,22.683115,25.269913,27.730902,59.397768,45.478869,55.088737,56.411671,45.345229,31.335786,78.239410,47.010090,52.236498,88.497449,19.938966,34.659019,3.128956,29.339855,101.274545,63.278534,37.687256,14.280164,60.545315,47.810611,41.154397,56.140619,95.147024,48.712606,27.141573,52.785681,38.502128,41.708341,64.245086,73.403337,96.667910,30.442013,81.957754,31.193168,92.706342,20.698149,34.712701,34.645476,81.811764,39.964856,85.610116,47.119821,73.055038,60.488770,36.697424,87.267797,32.449717,56.785934,44.490950,51.951543,18.585343,48.285204,53.161613,50.324638,75.435776,46.755530,39.443092,68.037548,64.217955,45.099101,68.290936,94.112331,36.869387,22.668529,85.003915,68.263640,31.154404,56.838288,62.483116,42.250880,51.014552,13.184106,57.592889,37.753687,46.079898,78.129472,42.159830,25.002653,70.796070,38.034207,10.253853,44.254395,20.186525,29.266074,14.637810,41.189216,56.262739,21.985523,43.532892,87.077475,35.788149,39.256405,68.689843,5.259816,30.047101,34.953367,68.492807,60.481464,67.924781,60.652783,86.661080,41.779765,18.788461,59.212477,56.422509,68.264897,82.307678,31.813215,64.851143,28.090520,23.195790,15.464713,69.683968,27.729496,29.004956,84.232720,30.599544,75.888293,57.398779,77.248851,82.638437,81.478776,37.424965,26.529134,61.574145,91.927414,42.971289,55.869320,7.779598,93.401182,23.047410,53.482923,58.118973,84.559739,39.036354,57.629476,61.193702,37.099301,35.896786,34.947517
49.518152,12.282306,27.942214,84.679779,27.391630,51.209713,33.212719,50.168809,87.232404,61.967288,54.248932,36.476523,61.434827,0.000000,93.566328,25.774938,86.963043,16.051742,4.410259,75.208909,72.667525,62.799829,94.232673,85.733502,31.168463,51.701619,70.935483,65.207622,92.749234,55.163697,36.267835,56.078332,52.791903,68.803179,29.498739,48.909917,43.018596,38.244316,25.676366,64.791911,41.144978,53.701084,100.313719,50.139016,80.992623,33.426812,90.330105,53.973966,71.194530,10.224985,66.792051,72.122258,50.478322,29.078473,38.501393,64.790927,43.839273,65.846022,75.741186,38.411834,23.127985,29.226493,12.298339,7.457501,40.267862,40.691053,31.181110,86.746819,37.860537,53.102675,67.310989,94.478600,63.485884,57.951767,56.521422,72.398790,38.241661,74.146339,69.498482,13.627871,90.080785,55.298933,62.569318,36.634507,65.229706,51.624351,99.211742,26.263426,44.503776,87.264425,53.952901,78.145589,74.038786,45.823757,44.924505,80.650058,50.208220,45.979050,71.856612,83.113933,84.321568,59.925928,31.408685,23.616493,96.755491,49.711639,92.610056,16.461795,32.405758,11.367598,43.232746,16.808137,8.276608,70.137371,42.656796,78.734120,75.345109,71.629224,6.813269,16.386168,47.607987,62.083665,25.551639,42.570381,84.326393,72.896860,56.497783,66.664918,70.988258,28.716288,14.436059,55.225617,91.006621,52.313034,84.119560,101.334553,76.980517,56.838416,79.062613,24.456127,54.978054,56.383944,79.121964,88.403330,67.559151,78.744286,8.096209,45.831991,33.967876,47.345448,32.284724,70.717365,84.799799,62.973290,84.705048,92.466762,43.345633,69.411704,97.116826,9.832923,51.100517,53.145742,54.243858,31.371990,33.583109,95.519442,99.854812,80.929234,10.869121,46.988534,63.973073,56.296350,59.310479,54.576040,90.422574,103.568310,77.749535,39.940352,93.394402,86.789277,48.047037,43.100778,51.014708,61.334661,47.366306,60.833116,31.123737,61.182508,53.994370,51.902273,68.877588,28.171026,18.119582,58.222372,73.140841,28.140675,42.813333,91.474671,46.748189,82.903521
46.820121,95.883429,80.714672,30.728291,100.475136,75.338985,84.139373,88.447609,8.901544,97.981516,54.564374,85.829111,47.426364,93.566328,0.000000,97.670405,27.296582,94.108478,89.443862,23.253109,42.960667,78.247619,14.293328,17.870446,62.546049,68.815842,67.742881,51.718391,63.850312,112.031933,88.858222,46.639115,82.539810,31.838486,81.099758,57.566815,81.418191,99.258782,68.063986,49.264784,53.055463,51.344452,36.337743,50.680015,12.586217,99.785669,34.993416,46.887943,38.595841,98.862334,86.100088,21.445034,53.958175,69.465976,60.173807,82.253831,86.537493,29.094041,22.216862,71.689167,100.444857,88.542344,82.828103,86.523487,91.202054,76.875014,95.711400,10.271028,64.247827,94.294013,29.398922,30.610955,48.694155,35.678405,110.701621,46.469167,56.130755,36.126481,45.920667,81.469189,6.862146,53.904586,96.784903,93.778019,28.479396,53.933260,35.794086,83.148245,70.420552,46.236998,105.576657,17.424827,69.438481,77.910709,106.515466,33.277132,44.349510,48.318487,70.982188,10.489738,66.233694,41.799991,89.015510,101.590462,31.886381,95.040425,31.951753,95.754242,88.488472,87.896545,56.082250,86.381219,86.141096,34.274338,84.453450,20.849911,19.572073,53.071596,98.722835,78.710237,72.587043,95.645118,75.398262,67.297823,65.358485,52.238442,37.359291,44.447094,46.817238,84.848647,79.521986,42.763631,19.453260,43.417358,13.029566,40.881036,19.182326,36.876107,50.042996,70.008157,45.105394,43.103218,31.333659,28.539521,33.064461,16.327461,91.655344,49.031639,87.939550,96.484522,78.792684,24.935564,41.854819,51.420075,19.860183,23.258015,75.838578,45.927845,28.960521,96.969373,93.193533,44.616840,66.197215,74.480716,70.596517,30.972883,48.452225,15.632132,91.728632,46.584614,30.479935,40.409536,65.354034,38.991347,41.239230,48.363234,17.486507,86.858394,16.438395,52.164313,89.922403,91.858559,44.512335,32.304611,65.569305,93.437404,63.844919,48.504704,49.638627,102.238036,26.718839,71.901290,97.629643,85.131570,21.995716,100.254002,68.529291,16.103930,47.951858,12.561300
61.395216,13.610975,51.393664,96.749115,2.895388,34.710328,15.984549,28.290389,89.860362,37.944460,71.404643,17.009880,76.986425,25.774938,97.670405,0.000000,83.859856,9.848190,27.714224,75.888973,66.097608,44.397961,94.487224,94.405394,42.470164,72.853790,55.889115,56.564547,79.250990,29.444589,61.361083,52.816429,33.094312,79.759178,16.970528,42.503969,66.857341,12.695558,35.005424,57.248945,51.852288,69.570438,94.736422,47.651617,85.449162,7.659148,84.850071,67.899678,84.883400,17.313511,46.008903,77.253182,45.558517,28.705089,37.505841,45.091912,22.945643,73.929902,84.322930,59.769227,48.632322,54.368120,23.219966,24.648907,65.545794,63.581148,6.419474,88.993909,33.597545,29.457973,76.529312,106.156196,79.630385,63.331204,30.746846,64.593433,43.175313,87.321561,62.355897,34.168383,95.882234,48.299701,38.838861,62.200717,71.594307,46.144219,111.670641,50.316490,32.132970,78.563104,28.321662,85.164215,58.408813,68.969804,19.205865,93.329769,53.833777,50.351264,55.749491,87.386256,69.796773,57.613446,11.138825,48.990820,108.549535,25.711398,104.720453,42.211060,57.506969,35.957423,58.606859,41.320707,30.385137,67.578378,22.895748,79.203192,78.152370,61.557762,30.658276,35.760955,33.120824,38.579941,46.575170,62.843009,70.050411,62.993419,61.178210,60.711094,63.259603,53.218015,27.060240,67.276998,89.924794,54.295104,86.083136,94.584091,78.988016,64.036701,69.441569,39.818884,68.295309,55.231445,91.222757,99.885406,78.736380,81.502263,33.670442,56.795323,58.974172,22.853803,55.405589,72.864015,77.452427,79.888152,93.879449,102.521618,28.158870,62.282058,93.400398,35.222869,27.681477,53.176547,74.800958,23.353756,27.234945,91.197013,90.943022,88.079062,15.490046,54.423247,71.760536,67.268714,46.031337,60.842985,104.765590,94.965415,84.611212,19.264330,93.071226,76.360816,25.631699,19.951836,53.258145,67.792080,36.817853,37.792205,35.768483,54.919272,69.209063,26.540992,77.118322,26.068302,43.762348,37.518460,75.738078,53.817324,32.290027,99.792780,50.326872,89.250662
50.760653,85.756178,82.517439,52.950657,86.390832,55.094106,68.512441,68.229992,19.595754,75.600534,64.443760,69.174816,59.866855,86.963043,27.296582,83.859856,0.000000,82.896370,83.493315,15.464210,19.366580,55.035607,14.796415,40.586918,59.063818,78.550001,42.787927,29.550137,36.571349,92.176713,93.165234,31.527614,61.664409,45.408042,66.931530,41.356918,88.126329,82.287321,61.976183,27.836885,52.350911,60.380217,15.118974,37.290706,24.835216,84.067070,8.381316,54.795895,54.972674,89.592380,62.247541,27.749442,38.429432,58.797305,48.895537,58.680168,67.888369,37.185923,38.092177,76.683520,99.783829,90.776620,74.899559,79.508514,96.489530,82.907542,80.396239,18.156313,51.141898,73.575086,40.139741,55.945376,62.246347,34.574272,90.415562,22.309176,49.348197,53.779603,23.119335,77.430977,31.764610,35.734900,74.217300,97.791687,32.995611,37.742793,61.744346,84.491562,52.787651,18.940424,85.381246,33.110467,43.900849,85.605633,88.464739,53.821115,38.215455,42.318344,45.857933,24.424241,39.265454,27.177257,73.647076,100.888620,57.649325,75.118943,56.697695,93.763582,91.675245,84.519371,60.113327,84.727850,80.997472,16.868392,66.158066,13.131618,20.534661,28.432051,93.169483,75.074344,53.635661,73.109973,75.595839,73.537344,38.374816,27.285239,34.473977,23.555709,23.170558,87.012047,72.582011,49.688708,8.598421,35.311494,16.766405,18.283868,17.847861,38.383977,23.648622,66.994380,53.033881,30.582619,51.156399,52.223086,46.075479,19.558629,87.452945,50.415230,91.620018,77.174619,82.007392,21.097410,14.648768,64.932816,42.084610,48.590883,57.887273,23.165427,10.180262,92.864355,72.881637,33.863450,76.805451,60.904908,57.193030,9.092792,23.219000,33.913763,82.084637,44.489878,36.878831,46.773663,43.450171,38.040517,64.683108,24.544207,32.562404,69.228843,12.470268,24.888400,70.236423,73.415567,36.625402,34.778976,47.765418,71.040340,55.893842,29.165311,58.434304,82.235573,37.123648,60.577105,95.901494,63.006603,20.846777,101.083993,51.868266,41.562995,41.161946,31.508073
54.745504,4.517942,41.746533,90.441980,11.869169,38.854590,19.583370,35.325374,86.767759,46.385640,63.351438,22.165113,69.442536,16.051742,94.108478,9.848190,82.896370,0.000000,17.869993,73.360528,66.310028,49.741790,92.326611,89.209202,35.453025,63.782589,59.730726,57.492427,82.627385,39.288148,51.527930,51.380253,38.942424,73.663641,17.668040,42.058778,57.201787,22.192585,28.156167,57.713624,45.344192,61.858499,94.866777,45.740884,81.644180,17.441253,84.851443,60.733259,77.971550,9.077802,52.635978,73.108313,44.585062,24.769546,34.531090,51.127369,29.259328,68.713598,79.063705,50.568913,39.094829,44.527834,14.490143,15.029737,55.702157,54.089256,15.163220,86.033546,31.754530,37.608688,70.966536,100.036801,71.936967,58.870336,40.542786,65.304227,38.255672,80.590294,62.746873,24.707822,91.696583,48.309146,47.102245,52.357113,66.934153,45.429951,105.325806,40.579367,34.043640,79.837986,37.901161,80.450044,62.562532,59.448030,29.052116,86.802003,49.770937,45.912090,60.099550,83.668254,73.556065,55.916206,16.442605,39.516555,102.405529,34.066664,98.451109,32.513418,47.671012,26.120420,50.880869,31.504686,20.642635,66.178150,28.507643,76.798814,74.860357,63.203184,21.426796,26.535360,36.158483,46.703115,37.302980,53.911511,73.697624,64.587482,56.919916,60.570413,63.915705,43.434127,18.543307,60.672353,88.233383,50.850733,83.197748,95.191711,76.002746,58.958936,71.003845,31.592164,61.317083,53.015235,84.864474,93.790959,72.558003,78.270565,23.851399,50.333488,49.146539,31.529241,45.833082,69.741429,78.144442,71.975455,88.508407,96.918137,31.356820,62.666236,92.772833,25.690445,35.671503,50.442329,65.883593,22.367355,25.834018,90.791666,92.420534,83.349111,5.676355,49.044857,66.613431,61.003340,48.850085,56.019877,97.782669,96.343940,79.945683,25.318858,91.117991,78.354162,32.956989,27.664294,49.686596,63.037701,38.041283,45.631029,30.526529,54.785852,61.680802,35.880484,71.891421,22.567092,34.143576,44.005146,72.490660,44.182529,33.286160,94.759687,46.172902,84.812412
45.143334,14.845147,24.429921,80.270730,29.651590,50.159984,33.026814,50.268407,83.232511,62.533921,49.918504,36.501392,57.052999,4.410259,89.443862,27.714224,83.493315,17.869993,0.000000,71.427138,69.713286,61.904015,90.402546,81.394394,26.950663,47.773502,69.292866,62.618920,90.652494,57.134638,33.666486,52.905808,52.339767,64.418730,28.814677,46.291965,39.745241,39.786692,21.798994,62.054480,36.856706,49.317662,97.058102,46.971857,76.882796,35.255960,87.112031,49.563708,66.786828,13.854389,66.373387,67.999921,47.619869,26.395213,35.441308,64.145134,43.865792,61.573546,71.421538,34.450162,22.804566,26.659038,9.877582,4.875549,37.832235,37.090577,32.584927,82.778074,35.286017,53.641595,62.983766,90.070143,59.126929,53.887604,58.315903,69.611605,34.468131,69.736477,66.651720,9.243403,85.864462,52.630806,63.026596,34.550842,61.056625,48.817892,94.801947,22.986345,42.929804,84.478451,55.430338,73.892103,72.467314,42.323441,46.907464,76.239800,46.365507,42.122122,70.396712,79.009586,82.459452,56.587254,31.892833,23.479683,92.346136,50.416159,88.200028,15.696636,29.806417,8.262444,38.825774,13.702291,3.898578,66.721917,42.483604,74.952098,71.379469,69.171883,9.676377,11.981292,46.293815,62.469612,21.416361,38.467163,82.421085,70.401365,52.499274,63.692880,68.204956,25.690269,10.983050,50.834987,87.311611,48.604332,80.183421,98.216230,73.072412,52.654837,76.468089,20.084913,50.569635,52.957740,74.713835,83.997755,63.171192,74.767050,6.528312,41.503564,31.294216,48.258661,28.697625,66.831407,81.849182,58.648628,80.350408,88.081699,42.291601,66.564138,93.664678,10.572548,51.599621,49.632099,50.232354,29.760689,31.547135,92.141208,97.024938,76.662692,12.237768,42.860465,59.722316,51.932354,57.528107,50.470413,86.033688,100.678925,73.505164,40.051406,89.618924,84.252236,48.324936,43.682964,47.296654,57.174357,45.408956,61.087050,27.602062,58.320022,49.595876,53.174034,64.588571,25.838066,17.679442,57.898286,69.203326,27.346053,40.999285,87.140892,42.957086,78.673660
