Traveling Salesman Problem Specification

Visit 200 cities. Distance table:

0.000000,118.864044,55.757598,68.694926,44.222005,72.274332,65.021136,37.326053,54.603575,43.258082,61.707034,69.353576,2.395205,109.979550,103.316349,89.710338,91.421054,63.474896,45.956587,65.969435,63.724127,92.318180,29.595050,119.387690,10.482166,65.286017,79.175221,91.324937,93.687620,85.502211,16.477447,58.466663,45.203999,100.828672,91.349086,34.268266,38.283805,83.225490,86.837038,48.149419,71.188319,49.482265,51.185433,73.837012,80.223789,12.936434,88.765147,34.711079,40.977039,25.291374,27.929349,30.466065,53.652891,90.058300,116.552977,26.841550,79.081257,23.141088,120.668626,32.267187,49.797338,64.906692,76.678912,93.236152,72.990365,79.379959,87.840249,44.601093,86.079300,58.817129,62.233307,92.160494,96.022158,59.379247,70.475717,61.643889,83.327887,15.568931,81.967819,82.295382,103.053017,89.861065,12.384279,90.600272,34.930796,77.060374,38.033239,34.629752,38.599228,52.066798,77.062004,6.716291,108.043079,79.362430,120.017463,4.554047,96.472799,96.185669,90.522154,5.413457,53.735846,61.803171,81.975289,86.147649,72.685582,84.940814,71.814639,72.699356,79.685974,88.930557,94.969251,21.295203,62.074783,84.193619,4.294883,111.224888,91.111941,65.051316,51.810359,88.923578,21.042562,34.557397,113.464016,68.725106,5.557897,65.786038,90.936653,55.138912,51.822446,100.861781,41.003778,89.128080,92.193930,67.282816,87.197898,113.438825,64.422159,101.101192,13.091936,44.532947,71.852714,99.316234,89.971730,74.004555,68.908479,102.592931,38.515223,78.930753,67.437412,58.308286,75.432135,22.262089,34.105473,127.368695,79.988488,117.800544,34.054517,53.105913,80.874732,100.326425,105.064671,117.792613,5.658726,43.965462,51.613970,92.917226,22.723902,50.440257,94.859705,92.960612,66.605001,33.462581,99.753417,69.569881,99.095456,81.669502,69.035263,90.575411,47.730660,99.654306,54.621181,17.167574,84.572627,83.465265,62.381793,88.641973,26.600502,75.796420,91.055434,78.831240,68.249644,96.076902,78.633853,42.082954,84.163607,77.410399,67.666422,92.109885,105.798632,20.884748
118.864044,0.000000,74.754508,69.208892,84.955157,47.772236,69.112266,81.672721,64.720764,90.651633,67.161663,56.980357,116.673645,16.125095,19.007382,40.580544,30.928389,78.662356,75.513192,52.898827,62.111662,39.219486,90.844960,5.281532,108.724932,63.938631,54.983663,72.362459,43.129981,51.637681,109.869495,72.517193,99.052047,22.364562,27.674349,84.616001,91.299555,40.241612,38.542476,77.120216,72.606470,72.180666,91.560747,64.557423,44.741779,110.169755,70.178180,90.268914,100.484196,105.053128,109.779890,98.289580,97.323856,51.659804,7.147565,92.034453,70.604983,104.995222,18.096837,95.414831,92.106825,53.983271,44.737629,60.459877,62.270348,47.684796,45.268347,85.476607,81.347948,64.914782,67.193023,50.526922,31.240900,74.763915,73.401997,61.033006,47.554238,110.149167,47.471173,95.890268,38.148542,47.077703,109.323706,44.490466,93.736702,60.859654,98.970404,87.202793,84.157118,66.932530,63.638042,123.034182,10.837107,81.020886,1.987510,122.508800,22.836626,38.312887,58.619172,123.775982,65.277351,57.079664,77.784265,55.441892,47.554093,34.675702,55.997735,46.365886,50.842747,74.887224,32.498830,108.958901,74.510255,49.093606,123.075388,25.968764,73.267044,57.641692,70.166649,49.537461,103.448787,102.793787,6.122101,63.597251,113.627889,79.365470,86.330734,66.342541,88.963915,49.372937,79.953621,82.388405,62.551562,51.913527,68.982411,11.218569,88.741842,32.672589,118.015167,79.590749,50.223131,25.042364,44.897752,57.210795,94.913801,16.367336,88.850070,51.797894,67.049581,74.342661,66.207622,98.124266,85.914868,13.438580,57.096290,6.985650,85.328357,66.780268,59.080770,26.533239,37.836293,13.286947,114.540815,75.011209,78.589109,26.353069,112.951599,68.601075,47.427275,34.856798,54.887390,87.430408,30.166685,55.357073,25.996115,63.239749,81.708578,80.079276,74.228697,20.142922,83.602377,103.334692,49.573350,35.672659,88.163926,96.100815,94.389196,59.806118,57.879769,70.081519,55.194637,23.172818,46.337000,79.917715,34.771514,84.680105,55.121104,52.895163,14.275596,98.196242
55.757598,74.754508,0.000000,13.133871,51.701236,41.626050,9.263622,26.708261,22.044417,57.239406,7.671285,50.813577,53.371405,61.749415,65.181024,37.426906,43.896059,12.123390,15.217293,31.132228,12.756271,65.331470,27.542444,73.436414,48.554164,53.134706,24.387583,85.441307,69.578022,66.516345,55.903600,53.989644,24.322706,53.092544,48.643170,31.288850,53.016788,53.396183,57.430556,46.032588,16.840775,13.917813,65.252256,63.926018,30.213613,53.633584,34.250979,47.537771,25.836863,33.985157,37.010595,27.043766,24.040342,34.763923,70.237784,35.173452,24.515055,55.378934,70.815144,24.465477,64.545082,32.054364,30.504362,37.536330,17.433132,27.816013,64.435915,52.775480,86.610969,11.907602,52.753686,72.770574,64.185655,4.571923,16.393522,43.134547,30.128379,42.058109,58.877835,39.336636,49.268664,35.445283,43.576527,36.752668,52.559845,64.380513,61.062045,41.973295,18.061651,23.974342,21.313345,61.937034,64.988701,80.971346,76.408990,60.259839,56.430664,69.205355,34.765017,61.163856,24.090577,28.569076,29.838839,69.931582,42.346332,48.408489,19.221818,38.161768,58.939706,84.983493,63.737585,58.327367,7.601001,30.189585,59.111434,59.693427,85.804964,44.142597,40.140559,34.074798,51.631119,29.038155,70.825433,57.209160,50.281807,68.016594,41.489338,14.879697,14.799603,45.447039,38.352860,38.308327,80.283307,35.924782,32.430380,66.253190,74.062718,71.181829,49.348017,12.356605,25.116857,50.802088,66.645374,57.585278,29.371665,59.103704,50.131659,25.350081,11.703216,55.795264,66.921311,33.971735,37.534432,79.504456,24.617993,71.378581,35.132652,19.170933,67.079128,50.655234,51.206385,69.366193,50.210274,24.638847,52.659255,53.494376,41.406993,29.840460,73.538809,42.113926,21.638398,23.894495,68.109765,49.067279,64.436123,70.932154,72.731356,89.411232,13.665302,59.861929,9.955909,47.142846,30.338658,45.825459,71.937396,44.215412,29.659219,20.373788,35.299252,73.083331,19.925637,55.966625,52.834325,40.636181,42.970727,28.919322,45.193628,36.586833,65.082092,37.022056
68.694926,69.208892,13.133871,0.000000,62.645768,45.003924,4.388574,39.052280,30.124930,68.526171,10.438001,56.660478,66.318006,54.718145,62.814133,29.239479,38.642964,9.526096,27.218321,35.133055,14.356043,67.082110,40.670567,67.069071,61.677110,60.316137,14.660095,91.488199,71.902011,70.586550,68.980265,62.724108,32.411034,46.878102,45.635477,43.722048,64.716589,55.361833,59.099009,56.167066,5.526594,24.941259,76.002128,70.523595,25.161691,66.758403,21.356204,59.522002,35.156071,45.994614,48.113501,39.266107,28.672858,23.241059,63.826284,48.118164,11.841272,68.239914,62.490529,36.898044,75.426015,36.651207,28.398006,24.548968,6.989801,21.784480,67.397190,63.710004,93.939073,18.030761,60.590233,76.243405,64.355243,9.346741,5.754114,50.136868,21.859300,54.597830,62.463880,32.518690,38.967214,25.152237,56.425701,27.040220,64.584187,70.281433,73.040443,53.980705,31.176953,32.929694,8.597282,74.952861,60.447292,88.796271,71.021179,73.218036,53.935548,70.649067,21.991836,74.087799,32.461350,34.007895,18.641597,74.477738,45.712932,48.355319,14.623128,40.636592,63.215428,91.474440,64.163802,71.287091,7.009703,20.903270,71.938699,50.727043,91.959690,50.305463,49.336342,23.283750,64.567219,39.710128,66.144593,64.081406,63.257362,76.758481,30.972056,23.120686,21.715242,33.463799,49.550875,27.258698,85.219101,40.174879,19.451163,59.573912,83.659463,71.497824,61.614007,25.375691,24.146118,44.282037,69.441955,63.197845,26.687782,54.747763,61.740477,17.416490,3.541172,64.714319,73.585483,47.069624,49.696149,71.969493,13.576874,64.863709,47.389092,27.989454,72.474559,43.399065,40.772085,61.886358,63.107163,35.860842,62.536421,51.564939,52.989214,39.169117,76.406643,34.695425,23.317090,36.995174,68.041280,54.599931,63.524689,76.772381,81.418703,96.265417,25.408427,57.185360,16.569530,60.227207,20.723035,45.632333,81.642347,36.035772,42.773338,9.777926,22.594542,79.897969,19.717270,53.482597,56.246822,51.656252,41.477598,20.573007,50.724283,24.586313,61.608073,50.155341
44.222005,84.955157,51.701236,62.645768,0.000000,37.841843,58.290994,26.383699,33.621035,6.422669,52.268413,28.815560,42.933106,80.732692,66.906956,68.671472,64.424357,63.757580,36.559473,37.553065,50.004247,51.533974,33.290076,86.959455,34.438906,22.921303,64.957304,47.423917,51.693458,42.635608,29.441271,14.826736,61.108461,72.340121,60.101490,22.967035,6.797158,45.205666,47.924926,8.255407,67.648136,37.977211,13.579154,29.870018,58.661971,31.745389,83.369147,9.735156,58.481702,48.644603,55.109189,46.434270,67.279684,75.234076,84.724079,25.317132,74.389598,22.900514,92.067246,45.075878,12.845351,35.620081,52.455545,82.821985,62.626385,59.898905,46.162917,1.074302,43.406866,45.096496,19.518991,48.939433,57.006869,56.216779,67.427716,24.034114,65.097662,45.659749,40.923588,90.486593,82.360711,72.566676,41.681163,71.983461,9.975663,33.360841,14.097288,12.715308,37.945484,30.362993,68.155510,45.261755,74.448363,36.689876,85.617827,45.980125,62.291841,55.002734,79.277619,47.321758,31.329781,34.867624,81.033393,42.586345,37.894674,50.616427,56.137275,40.782347,38.046589,45.271734,55.786232,26.533467,59.144501,67.167825,48.256796,85.772787,47.288351,27.339339,16.320261,72.870370,23.462400,54.736866,78.957854,25.541017,41.004372,22.410205,93.045366,39.783802,59.591884,85.060884,13.375005,89.644381,47.988664,35.563277,81.310232,82.749260,24.390587,60.654320,51.261055,41.016240,50.062691,71.871964,48.047761,31.626453,78.871789,70.050060,5.706927,62.433087,59.567143,14.255713,31.268594,35.108010,16.768205,96.033214,67.287569,85.944292,19.087761,35.006757,37.151172,73.997155,84.263127,87.887590,42.792571,27.071357,7.658913,58.914747,53.773240,24.336605,51.951910,69.335629,45.889959,34.000484,60.215143,29.969026,61.176273,37.532618,26.410279,47.604801,38.036200,64.812498,58.207430,27.404382,67.920592,50.262181,22.112292,95.735266,35.270522,64.212645,79.435767,34.675149,49.609911,62.008708,39.454480,11.067778,53.396247,80.607180,29.834360,78.004652,70.776522,31.254327
72.274332,47.772236,41.626050,45.003924,37.841843,0.000000,41.936014,36.233947,22.026696,43.915513,36.468111,14.287808,70.213796,42.974948,31.070252,35.625229,27.938837,51.549526,34.186665,10.494542,31.086605,24.030159,46.450459,49.346110,61.897248,20.705897,38.698219,47.329882,27.982953,25.582648,62.211935,27.736469,63.433004,34.865857,22.308636,38.240865,43.868651,12.368706,16.480045,29.729988,50.447385,31.854805,46.677310,27.991416,27.360098,62.732491,60.334272,42.511758,63.236891,62.727950,68.500650,56.800620,65.285011,45.959966,46.986810,45.596826,54.057514,57.225129,54.302053,54.085773,46.899401,9.827329,20.532483,55.754620,40.852063,30.212320,22.831098,38.493779,51.485581,29.765911,22.990111,31.391324,24.799469,44.363800,50.756239,13.917178,35.118295,65.710123,17.510277,77.517326,47.930128,41.785951,63.981822,40.257034,46.124534,26.592752,51.936407,39.495611,42.305909,22.681167,45.839709,75.912706,37.037414,47.562867,48.650875,75.615142,24.936146,28.035737,52.173871,76.921830,21.321896,13.650177,62.300168,29.536389,0.723365,13.097081,31.742597,4.918345,18.269705,47.821645,23.984046,61.188850,46.023318,37.745970,76.553867,48.849445,47.903967,11.019323,22.427345,43.041365,55.761404,63.308493,41.973622,22.893229,67.308057,39.069871,74.467992,27.502468,55.877582,53.570104,32.277284,70.351052,40.350993,6.026985,58.281499,44.909811,48.076992,31.104205,73.374002,39.766350,21.937059,34.745006,25.023871,19.534245,70.108112,32.318775,41.278497,34.807631,41.499667,29.890886,30.947455,53.122682,38.536818,58.286832,41.737803,48.218433,38.256529,25.034651,28.095944,37.209687,49.614235,50.049444,68.451667,29.898996,32.382893,21.428448,70.358023,22.044787,31.939517,34.365370,21.690570,43.717342,28.778489,11.917173,27.052008,32.737823,43.016633,52.984283,33.732496,27.823965,51.522899,56.067844,38.646368,12.432150,46.723569,80.864789,50.032789,40.689160,51.994779,37.150312,25.403465,24.601223,11.323357,32.150560,15.940502,65.554003,9.216456,48.810519,33.969974,52.259780
65.021136,69.112266,9.263622,4.388574,58.290994,41.936014,0.000000,34.698974,25.990180,64.152722,6.226464,53.089458,62.635025,55.161093,61.549032,30.007312,38.255862,10.172870,22.855497,31.814845,10.878306,64.569388,36.632776,67.287576,57.739572,56.488118,15.972011,87.959509,69.248579,67.475296,64.830894,58.632055,30.839493,46.942354,44.483099,39.374330,60.328782,52.734289,56.573774,51.879100,9.510569,20.552746,71.669568,66.837963,24.482699,62.690153,25.696755,55.135758,33.170701,42.919539,45.482817,36.060959,28.214746,25.783380,64.051529,43.891785,16.229193,63.965847,63.518708,33.569454,71.082088,33.216347,26.698070,28.300424,8.477492,21.429382,64.557703,59.356507,90.144425,13.925786,56.642840,73.299267,62.289668,6.377030,9.478767,46.306381,22.550449,51.227673,59.444482,35.758239,40.868374,26.960995,52.830624,28.548709,60.198370,66.742927,68.652911,49.596033,27.122266,28.707117,12.056823,71.194156,59.938312,84.899695,70.869922,69.523253,52.666642,68.236072,25.501418,70.427124,28.307802,30.363916,22.862465,71.261562,42.653479,46.262919,13.318149,37.758865,60.028609,87.849242,62.020661,67.052963,5.398074,22.102732,68.364501,52.009291,88.407955,46.640086,45.148286,25.365984,60.324848,37.228040,65.710767,60.324019,59.544730,72.686704,35.120142,18.885283,20.258386,36.351039,45.174395,31.494071,81.934371,36.855004,23.763560,59.891752,79.465405,69.416645,58.418768,21.243551,21.956650,44.453823,66.653206,59.701687,28.583571,54.141741,57.353909,17.824186,2.558879,60.597393,69.892984,43.198486,45.319851,72.681260,15.700938,65.134150,43.020588,23.746939,69.054295,43.875388,42.751887,62.545858,59.471309,31.475669,58.285444,50.091042,50.146317,34.933013,73.620944,35.171082,20.323185,32.903835,66.063098,51.087861,61.788523,73.262694,77.361378,92.569902,21.034722,55.997077,14.879852,56.090982,22.098896,43.559847,77.431873,39.668612,38.870363,11.500471,26.037248,76.186803,17.114202,52.207115,53.242694,47.290068,39.774629,24.085782,47.193734,27.462819,60.718812,46.139444
37.326053,81.672721,26.708261,39.052280,26.383699,36.233947,34.698974,0.000000,17.315122,31.229519,29.408300,37.410580,35.078790,72.716794,66.818827,53.690975,54.234339,38.337584,11.852386,28.812732,29.261742,58.605936,10.509602,82.080405,27.554008,36.171251,45.383135,68.023651,61.148456,54.731637,31.698965,33.254265,35.394863,63.578014,54.078533,4.688027,26.578755,48.097178,52.030325,22.878050,43.435724,14.634071,39.850347,46.932978,43.792096,30.541749,60.395728,20.906242,33.303775,27.561973,33.851127,22.900009,41.037662,56.405682,79.231523,10.921655,50.848719,29.658187,83.515582,20.750244,38.963988,27.929678,39.619285,61.939694,40.890880,43.514041,55.274292,27.433039,66.621448,23.940882,34.291891,61.598445,60.871964,31.272196,43.050915,28.700044,48.033138,29.485436,49.155873,64.440055,67.446081,55.142591,27.872584,55.401508,25.888764,48.865918,34.391903,15.363854,11.612354,14.758337,46.021405,42.051455,70.879865,60.265768,82.882053,41.202073,59.529209,62.652365,58.680869,42.413341,16.423952,24.610732,56.547008,56.764741,36.751655,48.279680,37.004137,35.892474,47.701585,66.704409,59.959607,33.049435,34.308996,49.389062,41.479621,74.493047,68.153041,31.529588,20.596849,54.687196,26.341320,30.815036,76.389700,40.381250,31.992899,46.152814,68.089018,19.198055,33.208724,67.082402,13.423392,65.000147,65.439650,30.721147,58.454392,76.118360,50.327214,66.733157,37.144143,14.968838,35.090935,62.152623,57.558867,43.570634,52.549973,65.353509,23.831866,44.128654,36.520560,34.450746,49.496577,16.891251,10.852745,90.047946,46.975128,80.478464,8.425855,16.140390,52.378540,63.318524,69.461883,80.513745,32.868202,6.662117,29.455353,55.996635,34.737461,14.344971,63.561796,56.348395,29.868190,8.908098,64.791591,36.763096,63.275441,54.917052,50.733433,70.218499,13.716119,62.800336,32.033118,23.464372,49.932828,46.580876,48.079742,69.899017,13.983283,43.168848,59.030025,54.851216,32.151893,59.117386,44.542154,15.899795,46.915379,55.137277,33.825047,58.861044,68.897930,16.528151
54.603575,64.720764,22.044417,30.124930,33.621035,22.026696,25.990180,17.315122,0.000000,39.864789,19.763739,28.948039,52.332857,55.402417,50.847073,37.258879,36.932682,33.671948,12.171065,12.535757,16.534152,45.962413,26.137920,64.917685,44.861216,31.111483,31.428271,63.413331,49.547906,45.274739,48.232204,32.646434,41.667821,46.262893,37.050752,21.037268,36.998611,34.393754,38.506661,26.434728,35.493273,9.963396,46.519539,41.882033,27.149217,47.517726,50.055013,32.847189,41.266844,41.324369,46.819815,35.074931,44.303645,41.975784,62.024328,28.151339,41.486346,45.094403,66.214688,32.293800,46.085827,12.359081,22.419692,49.210584,29.155218,27.470377,44.014521,34.644342,64.674798,12.094184,30.890984,51.803227,46.583548,25.861814,35.460244,21.091099,32.416117,45.509295,38.124955,60.935781,51.155726,39.822966,44.613253,39.651241,37.739311,42.413239,45.717795,27.821195,20.501532,3.369807,34.720299,59.356370,53.998017,59.181787,66.008240,58.515048,43.041876,49.999251,45.680320,59.721677,2.358417,8.524505,48.766108,48.393012,22.686812,32.399078,22.601930,20.186044,37.709937,62.939673,45.858556,48.820268,28.315315,34.198376,58.724168,57.395144,63.768652,22.251427,19.238726,39.812033,42.354262,41.314051,59.619013,35.166858,49.220257,46.708536,61.085646,7.297285,34.980827,52.198905,21.608480,57.376696,58.511013,16.003172,47.970525,58.841722,53.549753,53.086397,53.357465,17.767198,18.263091,44.855107,46.297994,35.733097,51.415064,48.357840,33.941514,29.198367,26.769552,34.607419,44.877291,33.406646,24.606447,72.770995,33.681107,63.267812,23.064269,3.125548,45.228857,46.089209,53.151857,63.202567,50.001196,10.806879,32.571262,39.579900,49.121445,9.333541,52.982170,39.402953,13.251677,22.836337,50.589112,27.349335,48.162996,48.955603,51.392077,67.393727,11.746875,46.411224,31.292255,40.432366,34.877779,30.366884,51.552355,65.361071,29.700758,30.611391,45.858458,51.049365,16.406916,42.610001,32.437435,23.204776,29.976397,49.782049,23.556462,44.674972,52.397576,33.739951
43.258082,90.651633,57.239406,68.526171,6.422669,43.915513,64.152722,31.229519,39.864789,0.000000,58.204948,33.999134,42.280393,86.872912,72.376583,75.094045,70.749053,69.206868,42.028065,43.958819,56.150767,56.160786,36.855172,92.809540,34.227358,27.584762,71.255572,48.207754,55.844084,46.450960,27.424050,18.978820,64.988243,78.562453,66.216420,27.326860,5.631849,50.641086,53.126887,14.611229,73.431697,43.696684,9.225855,32.864699,65.083330,30.380987,89.403214,11.485925,62.089580,51.034289,57.361084,49.625244,71.573977,81.591607,90.643198,28.197715,80.316447,20.566449,98.205380,48.568638,8.069673,42.017553,58.875176,89.074258,68.748311,66.303303,50.534074,5.550061,42.895172,51.165174,24.146913,52.410799,62.063927,61.788368,73.175732,30.022423,71.495483,46.888192,45.634241,95.650198,88.779014,78.965712,42.554302,78.397584,8.577196,36.653356,8.477600,16.292870,42.558607,36.571247,74.255072,43.346272,80.243660,36.156099,91.249511,44.405138,68.109968,59.444016,85.544361,45.710045,37.598344,41.289959,86.789047,45.853299,43.930393,56.532739,62.429856,47.021938,42.585752,45.714865,60.817165,23.687911,64.756056,73.549648,47.050471,92.085520,47.951694,33.213519,22.718408,79.248311,22.229523,57.871461,84.614485,29.560448,40.760532,22.593163,98.695545,45.840883,64.284111,91.458306,18.983290,95.375730,50.032566,41.871325,87.356194,88.776234,21.966489,65.280057,51.722121,46.127178,56.473731,78.148260,52.281862,35.973894,83.740582,75.984447,7.558948,68.786217,65.518246,17.771810,33.745370,37.502392,20.805750,101.948310,73.545894,91.854987,23.281875,41.118112,40.335867,80.311895,90.679377,93.952445,42.652563,32.736300,12.161153,64.783218,55.427128,30.631381,55.604885,75.735313,52.264743,38.110796,65.105317,35.380302,66.427481,39.988513,25.797142,47.345809,43.600701,70.527668,63.258380,27.363884,74.297040,56.297792,19.755972,101.036542,38.354058,70.404791,85.716026,36.138760,55.952572,67.842371,44.740639,16.897865,59.594991,86.066904,35.620450,84.352891,76.420644,33.258425
61.707034,67.161663,7.671285,10.438001,52.268413,36.468111,6.226464,29.408300,19.763739,58.204948,0.000000,47.122498,59.311836,54.078232,58.099489,29.888766,36.270557,15.082741,17.606357,26.151887,5.682802,59.601181,32.586385,65.784101,53.810360,50.348965,17.523736,81.993457,64.113055,61.881550,60.263327,52.406055,31.891083,45.431287,41.344798,34.095117,54.526583,47.687848,51.623647,45.730019,15.732558,14.905127,65.588105,60.776711,22.553425,58.375717,31.287997,49.474738,33.505498,41.085824,44.458203,34.081259,30.876103,28.352004,62.581555,39.148061,22.121766,58.962788,63.193733,31.378920,65.026444,27.426281,23.211277,32.641789,11.618251,20.157405,59.239539,53.329634,84.010915,7.709325,50.449539,67.855974,57.844736,8.263734,15.700968,40.172881,22.687032,48.683337,53.957754,41.703465,42.103878,28.439631,49.774834,29.538259,54.539448,60.784573,62.948724,43.971103,23.186337,22.503248,16.613140,67.653794,57.495791,78.720224,68.833627,66.139829,49.282238,63.366340,29.508352,67.118462,22.082708,24.396853,29.052691,65.565033,37.190490,41.892556,11.569587,32.529286,54.378775,81.816551,57.485323,62.194261,9.556686,22.977178,65.260097,52.167988,82.425218,40.612673,38.932269,27.298240,55.453235,36.617755,63.325655,54.222399,56.169042,66.461879,41.337116,12.686728,21.972330,39.160179,39.255916,37.679719,76.165396,31.157141,29.279419,58.586222,73.253024,64.922607,56.176290,17.209816,17.971877,43.132103,61.382033,53.783802,33.646397,51.621511,51.525938,17.951127,7.316028,54.371031,63.825512,39.551981,39.804894,71.836413,18.322558,63.718852,37.581323,17.554646,63.185880,42.993115,44.071895,61.699676,56.275319,25.663193,52.102014,46.465720,48.668990,28.737980,68.336436,34.474764,15.257299,28.737689,61.704562,45.170591,57.744939,67.320279,71.138009,86.491190,15.708037,52.688180,16.743488,51.596248,23.217788,39.240871,71.225836,45.795676,35.186812,14.200985,29.926999,70.104613,12.799932,48.818465,47.790495,41.314689,35.976747,30.198626,41.269063,30.460572,57.763657,42.065546
69.353576,56.980357,50.813577,56.660478,28.815560,14.287808,53.089458,37.410580,28.948039,33.999134,47.122498,0.000000,67.578370,55.109460,38.443693,49.912990,41.748842,61.943118,39.819624,21.780009,42.320830,23.138810,47.860574,59.513583,58.898940,7.118097,52.217553,34.873774,24.395621,17.327309,56.782225,15.538472,69.799079,47.750288,34.794881,37.682101,35.520037,16.753092,19.141186,21.942722,62.186048,38.575665,34.674073,14.099728,41.485226,58.192286,73.625879,36.030727,68.780876,64.969608,71.249460,60.054877,73.120408,60.057607,57.603449,44.250650,66.667907,50.847321,66.263867,57.648242,35.160479,20.077263,34.607851,69.662053,53.428324,44.157548,18.510926,29.155022,37.766397,39.658971,10.224097,24.188971,28.191669,54.295870,62.365455,8.746900,49.187197,65.857209,12.629112,88.816420,62.077254,55.997463,63.177046,54.521071,38.403593,13.662181,42.447598,34.783483,46.501214,27.876615,58.700048,71.848558,46.862944,33.447490,57.465219,72.039573,34.931302,26.892667,66.051596,73.389100,27.212147,22.732194,74.716189,19.731723,13.852321,24.119012,44.606333,19.091048,10.468302,34.825299,26.974349,54.706757,56.431810,51.776464,73.623643,62.093556,35.318685,6.696968,17.775288,57.174738,50.360292,67.543993,50.889523,8.607716,65.001407,24.999895,87.045009,35.937910,63.864055,67.852185,28.478956,83.025405,29.569712,16.910424,71.542259,56.250982,34.211908,32.157018,72.991242,45.723666,35.251705,48.019711,20.691040,6.785158,80.120638,43.165481,33.547469,48.496399,53.120493,17.413425,17.148999,53.328138,35.523539,68.820912,55.187440,58.773899,36.186681,32.013679,16.282908,50.698999,63.716987,61.581915,66.455589,32.472898,21.838684,31.866104,72.005090,23.920106,26.235070,48.518610,33.793460,46.098412,31.454254,2.372057,32.433064,20.203721,28.791355,39.715791,40.040949,37.004812,60.234137,52.292364,52.668795,24.722437,33.037904,92.685277,51.194846,53.678120,65.918224,23.472222,37.839184,34.725673,10.750907,27.271060,29.409396,77.147424,5.973371,62.921492,42.705234,51.271575
2.395205,116.673645,53.371405,66.318006,42.933106,70.213796,62.635025,35.078790,52.332857,42.280393,59.311836,67.578370,0.000000,107.689839,101.234076,87.338601,89.118563,61.152312,43.588101,63.774885,61.337373,90.482065,27.220965,117.156302,8.710282,63.660279,76.780400,90.191559,91.942660,83.861500,16.114950,57.006117,43.147987,98.536965,89.132816,32.118968,37.171636,81.260766,84.904605,46.552072,68.838652,47.116135,50.424533,72.394420,77.868882,12.285401,86.426587,33.327636,38.931766,23.203767,26.165415,28.200705,51.595876,87.663126,114.310132,24.694142,76.734611,22.524720,118.356756,29.949952,49.041487,62.739020,74.364404,90.856839,70.597511,77.007663,86.080832,43.358466,85.164839,56.438816,60.653673,90.552654,94.072131,57.006210,68.129983,59.771482,80.943471,13.527702,80.176557,80.221829,100.669448,87.469146,10.077382,88.212900,33.850476,75.554584,37.439547,32.945253,36.205747,49.830846,74.677784,8.883609,105.858226,78.432045,117.840481,6.903401,94.326466,94.369888,88.136342,7.807871,51.498686,59.599875,79.687330,84.601556,70.635226,82.828179,69.427816,70.559899,77.945469,87.855312,93.030459,21.064912,59.710118,81.803339,6.403522,108.876621,89.999556,63.158065,49.965287,86.529216,20.067174,32.527503,111.298809,67.166163,3.175611,64.719094,88.730704,52.785975,49.580196,98.466713,39.160147,86.884142,90.840926,65.165428,84.851285,111.173877,63.676279,99.224745,12.054061,42.138190,69.517709,97.008773,88.228166,72.344500,66.830516,100.387715,37.235422,76.541628,65.048790,56.921450,74.057590,19.874663,32.206311,125.103448,77.593765,115.556917,32.050773,50.798729,79.366591,98.000589,102.680720,115.506890,3.414257,41.728438,50.233870,90.773223,21.127954,48.323908,93.206929,90.609687,64.271596,31.084241,97.824202,67.740277,97.085102,80.275341,68.077519,89.626192,45.356694,97.522785,52.312930,15.633830,82.180944,81.322446,61.600659,86.557653,24.209471,73.402204,88.668186,77.595806,65.889137,93.927896,76.741999,40.325103,81.953534,75.189233,65.761792,89.715588,103.661938,18.595664
109.979550,16.125095,61.749415,54.718145,80.732692,42.974948,55.161093,72.716794,55.402417,86.872912,54.078232,55.109460,107.689839,0.000000,23.974225,25.531680,18.657800,64.243101,64.893030,44.999354,49.538808,43.239666,80.947607,12.636802,100.249033,62.215559,40.162171,77.699469,48.242202,54.808704,102.808276,70.206050,85.748177,9.156747,20.667749,76.244441,86.535258,39.571001,39.513949,72.539764,57.645605,61.402524,89.385221,65.562469,31.613511,102.554957,54.142827,84.495862,87.575278,93.773301,97.973384,86.835507,83.256062,35.778083,9.475881,83.504851,55.034934,98.664308,11.334573,83.980101,89.698645,46.529094,33.486974,44.355600,47.728344,33.982608,48.428379,81.420310,85.543052,53.128785,65.095205,55.712465,35.370297,61.146929,58.479834,56.891751,32.858894,99.804171,48.610164,80.048399,22.077144,31.391888,99.559230,28.875618,88.538903,62.402852,94.799178,80.670554,73.321160,58.112884,48.476025,114.736402,13.536546,83.949064,18.111865,113.917369,21.269349,43.856001,42.596845,115.121677,56.448971,48.885571,61.965287,59.164484,43.001179,30.994030,42.562243,40.060643,51.769274,79.716079,36.358280,102.584869,60.520661,34.040776,114.065921,10.962628,78.549735,53.870080,64.843255,33.825921,96.577150,90.505351,16.293186,62.957938,104.557884,79.509639,70.246895,55.512685,75.349721,33.298752,73.465728,66.331756,68.104693,45.509089,53.002378,5.069077,88.927022,39.651701,107.651015,68.217178,38.686155,11.015095,48.831671,57.238776,79.717624,13.084214,83.803734,37.412572,52.918510,72.260671,67.788087,88.378728,78.634919,17.826840,41.978384,10.338266,77.635106,56.916400,61.563150,11.319829,21.894587,7.840716,105.253560,66.149805,75.322145,23.611383,101.625634,61.049373,53.264834,20.033926,43.799415,77.292344,36.146363,53.057965,30.470544,66.238164,82.618487,85.132704,63.381008,20.868991,69.954299,95.525405,34.410776,30.717571,87.958460,80.081940,84.365178,45.061244,41.844799,72.708552,43.160082,21.301224,45.474836,73.907877,27.402549,69.044808,51.695547,36.874068,18.688603,89.097071
103.316349,19.007382,65.181024,62.814133,66.906956,31.070252,61.549032,66.818827,50.847073,72.376583,58.099489,38.443693,101.234076,23.974225,0.000000,38.200394,25.759317,71.670931,62.591293,38.362230,52.527973,20.533002,76.678348,22.571678,92.958894,45.265413,50.348896,54.569077,24.967684,32.855146,93.067715,53.919758,89.206149,22.504501,17.194166,69.172544,73.424242,21.735573,19.634010,59.333247,67.241626,59.581014,72.812410,45.552633,37.799629,93.738176,69.559012,72.915799,89.943317,92.138489,97.449480,85.725676,88.974913,50.995819,21.640856,76.569839,67.333285,87.794328,32.730914,82.890736,73.409107,38.959412,34.949291,61.177205,56.403650,41.373699,26.426414,67.354288,63.074172,53.989908,48.587336,32.493362,12.432398,66.273008,67.893899,43.354575,43.347682,96.089369,28.471834,93.080297,42.383781,45.899571,94.689311,43.317042,76.042309,41.874839,80.781830,70.347613,71.197437,52.457924,59.328632,106.975927,10.946796,62.335632,19.203791,106.684480,8.886560,20.314533,58.443408,107.989991,50.886685,42.530710,75.368271,36.845747,30.698592,18.551192,48.334889,30.950431,31.844681,56.855145,13.642422,91.746083,66.761704,45.628697,107.589645,34.543866,55.449910,39.871443,52.905809,48.228180,86.592635,91.258858,12.919363,44.701921,98.298324,60.361607,85.759194,54.085288,79.947562,52.714336,63.200630,81.573767,44.817563,36.139160,67.937139,22.251325,69.734604,15.687336,103.866041,67.441239,40.135422,24.867574,26.263414,38.261020,89.480610,11.829995,71.134406,46.420399,59.972256,55.668670,47.238219,83.655090,69.590625,31.927951,53.098565,22.569933,69.323030,53.382321,40.204101,27.844952,42.992018,27.345618,99.391950,60.267875,60.236808,11.704994,99.960227,52.936558,29.731951,32.995555,43.737376,73.597527,12.303172,36.999832,7.146563,44.493302,62.715547,62.178445,61.627422,5.697465,74.822957,87.123649,46.367686,20.483789,69.166299,94.550534,80.275150,54.602613,57.862457,51.283541,45.328097,9.344075,27.703399,62.862527,22.222073,81.147760,37.256392,53.079487,5.542717,83.116484
89.710338,40.580544,37.426906,29.239479,68.671472,35.625229,30.007312,53.690975,37.258879,75.094045,29.888766,49.912990,87.338601,25.531680,38.200394,0.000000,12.540270,38.763446,43.756296,31.337257,26.326229,49.554329,60.117865,38.017331,80.777906,56.128019,14.633914,81.037661,54.995303,57.552942,85.271269,62.176624,60.826100,18.327584,22.251906,57.916234,73.225654,40.127268,42.543620,60.578955,32.144266,40.238793,79.977086,63.392546,10.155220,84.229814,31.369264,69.728154,62.969128,70.800068,74.345810,63.783998,57.867537,12.872335,34.782687,64.562189,30.174404,82.351445,33.524928,61.011855,79.903202,33.353047,16.295838,23.254485,22.257478,10.331628,52.352521,69.573776,86.483259,30.933879,58.011891,61.292158,44.041539,36.201830,32.968407,47.600227,7.458927,77.857249,49.486489,55.783905,13.906427,7.769070,78.361465,5.339500,74.434042,61.493710,81.951745,64.947361,51.458378,40.527774,23.067798,95.149124,32.985327,83.007428,42.473756,93.954508,30.058491,52.106122,20.306696,95.050950,39.044982,33.813884,37.748544,62.059103,36.075179,30.406888,18.450317,30.889605,51.659591,82.095158,44.365777,86.060292,35.281717,8.538309,93.549816,22.279222,81.733207,45.733915,52.452665,10.033141,79.542953,66.464608,38.312345,58.518014,84.163023,74.521617,47.611723,34.721232,50.265022,18.009433,58.322313,43.450802,72.671534,34.543995,29.791296,30.461474,83.285471,50.724531,85.540654,45.802583,19.051576,15.579279,53.794022,54.729614,54.353168,27.857055,70.221632,12.205246,27.650958,64.386908,66.252420,67.505229,61.865170,42.752908,16.530828,35.771466,60.279930,37.647564,62.226730,14.245227,15.895285,32.651919,84.554517,47.730778,65.238995,29.096087,78.478299,45.319419,60.168026,5.744918,24.027965,56.262872,46.886500,47.542353,41.305228,67.095848,78.589221,87.456829,41.983218,32.605463,44.886187,77.155338,8.992895,28.147140,81.764451,56.680130,63.236435,19.537296,19.771165,72.277250,21.581910,29.687801,44.000959,59.502808,22.532784,44.264295,44.569851,15.208395,35.436026,69.103633
91.421054,30.928389,43.896059,38.642964,64.424357,27.938837,38.255862,54.234339,36.932682,70.749053,36.270557,41.748842,89.118563,18.657800,25.759317,12.540270,0.000000,47.979283,46.236909,27.360881,31.362595,37.720710,62.303144,29.598814,81.788014,48.529604,25.072698,70.389038,43.186886,46.725016,84.767873,55.636033,68.157259,9.533133,9.908108,57.900690,69.780428,29.399638,31.222850,56.169342,42.499420,42.750431,74.376573,54.296996,13.817124,84.323331,43.823797,67.188346,69.693773,75.225848,79.572094,68.318618,66.442569,25.410895,26.436009,65.082463,41.802822,80.949659,29.282220,65.454529,74.505782,29.104735,14.829935,35.759631,31.833481,16.892492,41.100515,65.210489,76.611245,34.624651,50.926120,49.828204,31.738893,43.837980,43.232671,41.405889,17.803338,81.150279,39.005148,67.567133,20.813179,20.304698,80.911836,17.800373,71.500337,51.899413,78.296666,63.019513,54.683991,39.767096,34.041132,96.284987,21.807200,73.739767,32.646072,95.405590,17.518260,39.999301,32.846860,96.596211,38.118032,30.956079,49.712534,51.276325,28.193738,19.447395,25.075593,23.944077,41.559098,71.732997,32.150006,84.825379,43.648743,19.945222,95.483543,21.358230,71.135001,38.867204,48.174276,22.561081,78.644330,72.282826,27.509445,50.238791,85.977611,66.748238,60.002094,36.858401,58.035541,28.960285,55.928311,55.814713,61.604260,28.880527,42.182374,22.653772,75.902135,38.288094,88.999930,49.651311,20.061967,7.925357,42.330309,45.576168,64.918452,16.177436,66.919008,21.427910,36.273723,57.805486,56.971437,69.739320,60.667028,36.388618,27.634736,27.610582,59.511687,38.321093,52.115229,9.588657,22.254727,26.498377,86.643854,47.726303,59.823294,16.708058,83.096370,43.178301,48.414437,8.020222,25.144890,58.637842,34.436867,39.450403,28.796266,57.007213,70.460731,77.163372,44.734929,20.119008,52.674940,77.260034,20.653019,17.698539,74.613544,68.838100,65.711962,29.644278,32.308798,62.696812,24.693023,17.148905,34.122512,56.621095,12.402400,55.770163,37.149048,27.678351,23.418292,70.536779
63.474896,78.662356,12.123390,9.526096,63.757580,51.549526,10.172870,38.337584,33.671948,69.206868,15.082741,61.943118,61.152312,64.243101,71.670931,38.763446,47.979283,0.000000,27.204968,41.224231,20.559089,74.538740,37.438096,76.579708,57.545819,64.745248,24.165179,96.764421,79.127915,76.951416,65.864970,65.984428,23.698757,56.356147,54.565194,42.786440,64.846419,62.657282,66.547493,58.155793,8.419232,26.039000,77.322651,75.387024,34.334678,63.200054,25.372790,59.243464,26.888066,39.433400,40.620446,33.175505,19.222255,32.042327,73.336959,45.846857,15.908718,66.058759,71.952683,31.208251,76.594682,42.454322,36.863985,31.356755,16.515324,31.086967,74.306490,64.831810,98.345341,22.286965,64.548662,82.938462,72.425003,7.833811,7.545536,54.637019,31.384271,48.629806,69.040427,27.310308,48.103551,34.429723,51.090678,36.428974,64.218488,75.592755,72.717810,53.694612,28.429861,35.873029,17.071240,69.973720,69.755547,92.824504,80.460996,68.028943,62.785233,78.251145,29.478491,68.777273,35.837926,39.296523,18.903016,80.600211,52.271719,56.402622,23.353059,47.559162,69.436428,96.460263,72.137741,68.737902,5.542490,30.397266,66.370149,60.127229,97.167463,55.351556,52.177063,32.431764,62.155668,32.100609,75.487305,68.737809,58.226678,80.035014,29.810623,26.378958,13.218510,41.710632,50.391332,26.961107,91.155125,46.215841,23.939864,69.092678,86.177490,79.545253,55.117635,23.459455,32.111933,53.777528,76.438968,68.657011,18.588677,64.008060,62.009114,26.905307,11.757125,67.823843,78.413719,42.901436,49.187870,81.482939,22.867240,74.379375,46.738065,30.967808,78.101974,52.923686,49.847647,71.406546,57.819184,36.723734,64.778537,60.246046,45.828056,41.858708,83.398065,44.217660,30.175494,34.176818,76.213356,60.059721,71.961128,82.142864,84.746548,101.012050,25.740713,66.097390,8.949179,57.135338,30.183603,53.705409,84.056302,32.092376,38.847209,19.265709,30.192659,84.640615,27.196358,62.326965,62.872381,52.701523,49.946133,16.860753,56.158124,33.004654,70.721639,46.574485
45.956587,75.513192,15.217293,27.218321,36.559473,34.186665,22.855497,11.852386,12.171065,42.028065,17.606357,39.819624,43.588101,64.893030,62.591293,43.756296,46.236909,27.204968,0.000000,24.561390,18.092969,58.064106,16.375228,75.254498,37.174868,40.675829,34.102120,73.293143,61.510833,56.710019,42.849975,40.121656,30.000966,55.763225,47.937076,16.536722,37.819862,46.555361,50.665490,31.296185,31.717019,3.539657,50.131662,51.693178,34.334440,41.202503,48.550589,32.419083,29.269101,29.650315,34.862968,23.134413,33.631766,45.151853,72.234773,21.693935,39.033788,41.358093,75.212439,20.302845,49.392003,24.521275,31.416457,50.218937,29.163109,33.428045,55.886083,37.633467,73.381913,12.949708,39.689818,63.379082,58.740086,19.777906,31.375630,31.346495,37.509545,34.915858,49.905326,54.041662,57.192345,44.316821,34.825790,44.844789,37.465258,52.798238,45.954373,26.857281,8.666833,12.053239,34.210667,51.442237,64.962014,67.418379,76.914952,50.202528,54.509422,62.111235,47.020162,51.294795,13.067563,20.673796,44.946085,59.527715,34.840395,44.300235,26.112372,32.255668,49.220900,72.457534,58.024790,44.617870,22.772323,38.578444,49.827432,65.368425,73.557343,33.215739,26.268093,43.638845,37.878595,29.144631,70.695359,44.909679,40.412927,53.932759,56.702086,9.384224,24.696385,55.922954,23.188484,53.472814,69.243804,28.168043,46.604322,68.750232,59.397835,65.257358,42.771937,5.904056,26.255519,53.998745,58.182355,46.523696,42.974771,59.183991,34.920690,33.285172,24.671349,41.749776,54.554902,23.798242,22.501135,82.594691,35.474490,73.458062,20.172887,9.292864,55.912632,54.733631,59.208875,72.732556,40.852139,9.631303,37.999091,51.130297,37.530508,16.464030,64.755527,47.094032,21.094171,12.553582,62.746768,38.512016,60.207543,59.237492,58.637263,76.530535,1.920077,57.929495,22.159339,34.281886,39.040379,42.134542,57.226313,59.190161,19.605810,31.550778,47.400343,60.460031,22.326595,54.064685,44.394639,25.515249,41.111295,44.062750,34.901909,47.498785,63.789828,25.422060
