Traveling Salesman Problem Specification

Visit 100 cities. Distance table:

0.000000,82.067790,50.721568,61.272793,36.925451,49.205734,70.347959,62.843280,74.103098,53.925228,78.420534,70.083599,17.233956,68.564758,74.635936,37.326456,32.470638,34.365746,17.878912,64.627876,61.452656,44.828568,93.545696,64.458853,27.034235,81.445787,18.516279,77.975650,19.772050,88.422203,50.011022,84.133482,74.285945,66.903086,65.414345,57.354033,31.415380,21.476040,87.376246,53.692743,94.618640,40.527375,37.283319,32.207312,35.931781,16.879132,48.584092,73.120751,16.761032,20.060948,82.875571,59.238417,51.346153,37.229829,13.164839,77.440062,44.088783,104.792160,92.172732,12.440958,104.942369,25.873621,24.689514,24.581226,24.208728,70.022681,87.749394,68.608001,74.615529,52.790913,17.147313,63.409419,65.341977,22.294061,43.156926,35.104510,68.409122,63.672892,11.782475,61.313721,82.667665,67.415399,60.877499,104.671235,84.024524,95.664446,40.182912,67.085299,38.847797,34.098981,93.272382,51.793945,68.773994,99.649270,25.071996,16.887416,15.187425,62.137084,22.212714,40.986696
82.067790,0.000000,37.640324,111.510480,54.506282,33.474990,38.520838,60.191026,79.891378,112.066690,93.517604,84.454788,81.612436,94.077106,32.532543,99.958621,59.418092,63.010258,66.884654,76.462483,79.360402,65.848123,11.747713,29.721843,57.397696,29.995706,63.552714,33.071440,63.966107,21.005036,103.009299,38.452080,25.034622,100.998219,23.655945,24.870465,54.574210,66.170124,25.677903,83.248538,62.092927,104.843562,48.607144,70.488824,99.316706,66.263410,92.400312,37.009960,73.215642,63.255372,68.649792,113.853168,79.340434,73.466762,90.241442,96.333960,50.941017,76.310626,48.301568,89.652130,82.565159,85.149927,80.392763,64.970199,72.744232,83.380386,5.711063,109.320398,9.882991,90.836178,65.898326,66.435094,20.002136,86.185766,64.252675,91.969180,93.215063,93.280344,71.988752,24.057293,60.255682,113.933584,25.450704,87.458867,26.074771,60.941330,45.997735,43.739947,49.162526,84.342440,19.310371,30.285672,66.602461,86.384582,77.521778,65.282674,83.886697,21.763680,72.054923,42.006175
50.721568,37.640324,0.000000,97.006429,39.608356,11.269973,51.109372,62.180577,82.109406,93.994777,93.265682,83.211614,45.821712,88.975653,50.108209,78.785927,22.381087,25.458597,40.684637,74.953958,75.406319,56.214292,49.182507,39.273048,23.703291,53.397881,33.604027,52.901360,37.586399,52.832356,86.448114,60.399989,44.759471,92.794188,34.772399,20.671824,34.334653,42.430683,54.813444,74.393955,81.089287,83.376952,31.507287,32.934512,77.744538,33.842606,78.571088,52.060519,48.131254,36.542566,79.125647,97.535851,70.373209,58.657164,61.796367,94.643058,41.525005,95.050819,71.207103,61.093833,99.017209,48.123205,43.434667,29.083787,36.012588,82.450472,43.068483,98.963838,28.114540,79.395009,38.185629,67.109379,30.749940,62.483889,53.848769,72.273704,88.325334,86.144707,43.648825,29.361154,73.514988,101.330063,30.532665,101.941075,52.819274,80.914252,30.977575,52.595683,12.579324,66.088392,54.670707,15.933145,70.176880,98.869386,56.334320,34.473155,57.757288,16.073199,35.739373,23.588234
61.272793,111.510480,97.006429,0.000000,59.088544,89.043931,78.817814,56.707286,47.703518,10.937945,39.674650,39.592850,78.480139,28.385775,85.980279,24.562710,88.151525,91.966027,58.515877,42.841338,37.764865,45.666378,120.000410,82.690500,78.712372,93.044243,67.515774,88.107269,61.159275,105.495968,11.355988,89.812151,90.893456,19.145525,88.042593,90.121928,62.814503,55.417844,101.422210,29.619975,83.947221,23.211483,66.841778,92.083425,25.981020,71.124580,19.190047,81.750769,51.622320,62.250872,66.068872,5.716696,32.980077,39.074405,49.502889,35.901646,60.881030,85.739099,91.216237,50.061831,81.206905,86.918515,85.956942,81.757646,84.473990,40.580671,116.025907,12.145381,108.755570,21.124096,61.821056,51.440847,91.551609,39.325422,47.291924,26.654585,29.135671,24.677569,58.743597,87.668989,72.501489,6.666457,86.151932,77.132492,97.898524,86.015261,68.496770,72.859843,89.448244,31.160898,112.344713,88.007276,55.037611,71.474712,41.616205,68.094602,46.362338,99.949668,82.200944,75.178518
36.925451,54.506282,39.608356,59.088544,0.000000,30.329823,33.637522,28.656481,45.513869,58.110465,54.900454,44.931754,46.815657,49.528363,38.574241,45.454368,39.561803,44.825290,19.122968,37.099907,36.575107,16.786363,64.549451,29.751509,29.482946,45.762131,23.596572,41.821236,17.980017,54.747904,49.464231,47.509960,39.687174,53.216306,32.804966,31.315614,7.733211,15.621881,52.627809,34.785658,58.302081,50.339412,8.117989,49.076432,44.831255,29.275497,40.043395,36.526145,22.072085,18.207508,48.764112,60.565118,30.768602,20.014341,39.770048,55.786461,7.174443,69.548636,55.251944,39.369759,70.867519,54.701838,50.854639,37.347712,44.681458,44.334404,59.643271,59.714363,50.283554,40.133028,20.823420,31.472770,34.813075,32.535827,14.368722,37.491333,48.917022,46.545880,25.170341,30.590209,46.886503,62.714673,29.426111,71.785261,49.071110,59.179974,9.409650,30.159899,35.710521,29.973900,60.598574,28.925901,36.040437,67.430759,23.334308,25.763917,31.992937,40.867366,42.508750,16.386988
49.205734,33.474990,11.269973,89.043931,30.329823,0.000000,40.128070,51.085462,71.185047,87.010212,82.667812,72.633917,48.250078,78.980507,39.671487,72.641236,27.245542,31.719043,35.845555,64.313447,65.074767,46.418875,45.193733,28.513826,23.929931,43.657053,30.810317,42.633292,32.727732,44.993303,78.921840,50.141608,34.989146,83.375297,24.707792,11.064543,26.451855,36.450943,46.148105,64.846464,70.140660,77.401227,22.301268,38.943911,71.730482,32.941930,70.191865,41.264307,42.971492,31.826198,67.855685,90.071736,60.775777,50.110298,58.633196,84.225874,31.161638,83.989691,60.809854,57.983458,87.823830,52.380659,47.614348,31.802512,39.891237,71.829717,39.181591,90.042936,25.431681,70.462828,34.102138,56.163156,21.466303,57.049272,44.133922,65.508246,78.290335,76.453032,40.090404,19.199430,62.301482,92.939279,20.101664,90.687312,43.744329,70.049986,21.126712,41.381484,17.277317,58.729055,47.961749,5.114340,59.064003,87.599456,49.754562,32.318381,53.329741,12.989019,38.960842,13.951449
70.347959,38.520838,51.109372,78.817814,33.637522,40.128070,0.000000,23.033135,41.590943,81.899994,55.389910,46.817173,78.044903,57.375676,7.224177,73.542430,63.759594,69.001293,52.469820,39.316873,43.048446,35.404759,43.606140,12.095076,55.933792,14.283126,54.796784,9.417225,50.790910,26.836421,72.387200,13.884037,13.703870,65.322429,18.134045,31.018099,39.136790,49.249456,22.608401,49.242868,30.012661,78.191949,33.881203,75.255542,73.349361,59.947512,60.756039,3.118933,55.619150,50.730039,30.806703,82.256393,45.864965,45.550860,73.110336,58.461087,26.676419,43.962301,22.392231,72.760580,48.340063,84.891235,80.496607,64.964349,73.283454,45.691783,41.270878,74.310049,41.013652,57.707984,53.586590,29.188951,23.338165,64.236017,34.919234,65.166039,56.469321,57.516458,58.567843,22.557601,23.368532,79.933289,21.034356,51.968972,19.084766,29.973818,31.270557,6.005310,55.544149,57.372018,33.795083,35.198250,28.421086,49.782972,54.689726,57.046911,65.056947,40.563718,71.518294,34.429713
62.843280,60.191026,62.180577,56.707286,28.656481,51.085462,23.033135,0.000000,20.566361,61.001268,33.558211,24.264996,74.944964,34.370043,30.228140,55.332093,67.523152,72.881125,46.222823,16.381414,20.039618,18.962045,66.403954,30.673531,57.772666,36.818394,52.115403,31.880326,45.903625,49.789184,51.516137,33.106254,36.370475,42.333958,37.183704,45.764792,36.348483,41.847236,45.253402,27.174220,32.930453,59.567134,34.188497,77.577663,55.458261,57.822269,39.713066,25.678136,46.216032,46.345275,20.257301,60.602206,24.359234,29.226302,61.484802,36.173967,22.729921,41.955912,35.637450,61.342414,42.444337,83.107440,79.400351,65.938946,73.336584,23.198039,63.594185,51.418421,60.705892,35.857608,48.648838,6.257866,42.016803,50.093862,20.033275,47.270339,33.469578,34.540024,51.750631,39.378560,20.418652,57.295961,37.611311,43.129805,41.873107,34.402454,33.074867,17.085078,62.035150,40.096257,56.773937,47.300147,8.007729,38.828393,41.218187,54.222162,53.164008,56.563614,71.154581,39.709138
74.103098,79.891378,82.109406,47.703518,45.513869,71.185047,41.590943,20.566361,0.000000,55.193176,13.916498,8.117445,88.587530,19.925690,48.349726,55.417115,85.060244,90.290972,59.879691,9.478054,13.508632,30.384459,85.066884,50.837603,74.902110,53.833617,67.378444,49.161526,60.452076,67.119010,46.691952,47.978967,55.294684,29.491765,57.428630,66.312260,53.099833,55.253162,62.014187,23.699954,36.672737,58.517084,52.444004,94.134048,56.050427,72.987823,36.197367,43.642554,57.567503,61.147571,18.701238,52.791330,24.075376,36.930616,69.255387,17.417652,41.143613,38.381951,46.149591,69.327975,34.932409,97.235337,94.077594,82.281423,88.894104,7.131581,82.856398,38.865232,81.041626,30.647956,62.892700,15.023985,62.382567,56.388235,32.600841,48.890389,19.045282,23.028560,64.451088,59.892206,26.422193,45.994730,58.124554,32.431739,59.026068,38.829888,51.924575,36.152504,80.759557,43.878757,74.069039,67.627775,13.306561,26.855290,49.548499,69.245176,61.478156,77.121739,86.578737,59.016862
53.925228,112.066690,93.994777,10.937945,58.110465,87.010212,81.899994,61.001268,55.193176,0.000000,48.912147,47.251627,70.887899,37.062688,88.887990,16.641859,82.897448,86.277394,54.039107,48.978898,43.713510,47.086893,121.280464,84.247415,74.028718,96.176150,62.670205,91.309142,56.936283,108.073134,9.526858,93.833963,93.085137,28.615911,89.065810,89.421987,60.561716,51.625855,104.402493,34.140804,90.450090,13.772261,65.326901,85.630294,18.012581,65.603664,21.304369,84.944477,46.734215,58.027544,72.894806,6.081902,36.642104,38.599993,41.399083,45.417620,61.137802,93.568038,96.384799,42.028779,89.601138,79.017062,78.500090,75.997176,77.799051,48.110943,116.895568,22.926967,108.384216,25.540831,57.123406,56.409095,92.082277,33.100071,48.252886,21.732582,37.684342,32.574854,53.210769,88.016153,78.498297,17.356870,86.624665,85.962553,100.802144,92.419971,67.350464,76.098272,85.348336,28.326471,114.750561,86.597363,60.659367,80.258163,37.666313,62.918920,39.714903,98.657516,75.619511,73.473562
78.420534,93.517604,93.265682,39.674650,54.900454,82.667812,55.389910,33.558211,13.916498,48.912147,0.000000,10.055994,94.179882,12.091769,62.219198,53.243844,93.778250,98.819488,66.431058,18.359612,18.426259,38.399505,98.931031,64.197180,83.471137,67.749952,74.741810,63.074285,67.579483,81.035255,41.846097,61.809023,69.083807,20.534990,70.733808,78.757929,62.049477,61.877932,75.921121,24.753834,48.630505,55.329984,62.494021,101.884423,54.175457,80.106239,33.782742,57.511396,62.721226,68.419116,31.159545,45.250193,27.233245,41.826864,71.402920,4.197665,51.756775,47.262706,59.393482,71.616980,41.941184,103.013763,100.335446,90.068509,95.932919,10.840847,96.617528,28.890123,94.261060,28.124153,69.708192,27.479263,75.571420,58.316800,40.821383,48.358562,11.681042,17.232971,70.147459,72.842897,39.638827,36.393048,71.079518,37.513326,72.942320,50.860823,62.452837,49.835173,90.609947,45.359290,87.983571,79.498809,26.978004,31.901019,53.349685,76.374790,64.403096,89.597815,93.560023,69.774758
70.083599,84.454788,83.211614,39.592850,44.931754,72.633917,46.817173,24.264996,8.117445,47.251627,10.055994,0.000000,85.362838,11.966336,53.847144,48.426754,83.996606,89.086570,57.181957,8.380236,8.819935,28.578427,90.412976,54.906230,73.707281,59.834944,65.269117,55.021070,58.153270,73.076163,38.948503,54.588203,60.408335,21.455247,61.368682,68.910194,52.165664,52.584342,68.165420,17.361900,44.698398,51.244490,52.467540,92.355562,49.160862,70.721620,28.929953,49.165524,53.962998,58.953219,26.720274,44.711986,18.821238,32.990413,64.080091,11.969169,41.700803,46.340882,53.611278,64.221576,42.488953,94.143723,91.283081,80.510679,86.607886,1.170184,87.794112,30.872993,84.772055,23.245187,60.386270,18.035253,66.098659,51.031999,30.979878,42.417142,11.060107,14.925582,61.215839,63.224117,34.043591,37.926936,61.467877,39.410190,65.011384,46.835199,52.400103,41.052389,80.629114,38.195033,80.068407,69.514483,18.658634,33.719653,45.101675,66.976520,56.648185,79.745156,84.248869,59.719145
17.233956,81.612436,45.821712,78.480139,46.815657,48.250078,78.044903,74.944964,88.587530,70.887899,94.179882,85.362838,0.000000,84.893729,81.043275,54.375252,23.809103,23.023037,28.915322,79.210536,76.583492,58.406806,93.358375,69.936660,24.451824,87.120671,23.445483,84.401954,29.048649,91.822707,67.236424,91.256091,79.115207,83.794343,69.259154,58.366609,39.672104,33.487151,91.811891,69.663676,104.963923,57.314325,44.236559,18.000603,52.966342,18.098890,65.559585,80.466890,31.459265,28.665110,95.201811,76.319080,66.947368,52.408871,29.554992,93.516794,53.746796,116.349013,100.415094,28.897329,117.386688,8.871454,7.671270,16.800131,10.767035,85.180147,87.293639,85.790404,72.914562,69.520945,26.297740,76.555375,67.879291,39.498314,56.394548,52.326008,84.671101,80.158836,24.172648,64.349720,93.701437,84.645850,64.387354,117.805071,88.787754,105.724507,46.776261,75.895920,33.265460,50.909364,95.665481,52.174559,81.680841,113.083987,41.197704,21.202621,32.378432,60.161368,10.232530,44.772530
68.564758,94.077106,88.975653,28.385775,49.528363,78.980507,57.375676,34.370043,19.925690,37.062688,12.091769,11.966336,84.893729,0.000000,64.536291,41.309193,86.851357,91.663371,58.224896,18.087781,14.733525,32.779035,100.742682,64.356389,76.558538,70.862360,66.973128,65.975732,59.781463,84.001815,29.763497,66.057545,70.722090,9.597842,70.602046,76.642568,55.981492,53.846075,79.262008,15.607934,56.597212,43.266584,57.535317,94.043943,42.287073,72.052191,22.051902,59.921863,53.644118,60.713998,38.621357,33.783653,19.162828,33.414294,60.579162,9.416687,47.865036,57.411465,65.509661,60.850921,52.836129,93.764808,91.419873,82.392894,87.608972,13.097002,97.757046,18.939862,93.547334,16.575036,61.622635,28.187655,75.049136,47.588081,35.172085,36.873290,0.929621,5.295182,61.262178,71.824470,45.998015,26.116776,70.106948,48.937637,75.997708,58.749522,58.035742,51.452495,84.830996,34.746886,90.999714,76.431082,29.994978,43.245212,43.703601,68.393710,54.031029,87.363314,85.220078,65.420811
74.635936,32.532543,50.108209,85.980279,38.574241,39.671487,7.224177,30.228140,48.349726,88.887990,62.219198,53.847144,81.043275,64.536291,0.000000,80.100205,64.989024,70.069019,56.848529,46.460692,50.256733,42.139181,36.717163,11.485952,57.995865,7.445108,58.196754,3.367619,54.891107,19.612828,79.389206,10.578544,7.567408,72.537507,15.452837,29.468190,43.221155,53.996214,15.515905,56.428649,31.906053,84.802763,37.505950,76.694555,79.850421,63.047058,67.809434,4.707857,60.640000,54.706619,36.120881,89.356703,53.010422,52.064426,78.332889,65.392626,31.971183,46.291520,21.141135,77.940694,51.559487,87.412695,82.882529,67.036685,75.454047,52.711518,34.776234,81.533839,36.236453,64.861783,57.610742,36.351098,20.201797,70.100418,41.479472,71.718419,63.626740,64.733037,62.921264,20.753276,27.868418,87.147871,19.612983,55.833895,11.935372,31.358543,34.696238,13.229074,56.097586,63.883575,26.571804,34.571925,35.323461,54.249102,60.562849,60.418330,70.445198,37.798406,73.846810,36.495974
37.326456,99.958621,78.785927,24.562710,45.454368,72.641236,73.542430,55.332093,55.417115,16.641859,53.243844,48.426754,54.375252,41.309193,80.100205,0.000000,66.520561,69.760656,38.276608,47.249129,42.211663,38.214285,109.895822,73.782837,57.935928,87.537982,46.580218,82.875630,41.295473,98.469568,14.065198,86.533436,83.239714,35.655995,77.838267,76.277141,46.482393,36.423494,95.400605,31.803145,87.317164,4.885044,51.846489,68.994157,1.423771,49.196516,19.600034,76.659277,30.841618,42.368544,70.927804,21.945248,32.492279,28.036311,25.050022,50.669858,49.809334,92.930611,90.813939,25.641337,90.280161,62.632639,61.956187,59.482457,61.157239,48.965286,105.085264,33.996627,95.335471,25.342220,41.176005,52.114224,80.222380,16.733124,38.637145,8.381918,41.601331,36.048177,36.877431,76.020838,74.828956,31.071730,74.799380,87.741985,91.758782,89.059035,54.196425,68.149395,69.498138,16.229929,104.828301,72.798122,57.170292,82.083834,22.922540,46.666289,23.117930,84.820304,58.980010,59.613604
32.470638,59.418092,22.381087,88.151525,39.561803,27.245542,63.759594,67.523152,85.060244,82.897448,93.778250,83.996606,23.809103,86.851357,64.989024,66.520561,0.000000,5.386188,29.831965,76.462143,75.355204,55.418520,71.111497,53.503177,10.318285,69.943008,20.714195,68.196684,27.561080,72.225714,76.909075,75.561218,61.401525,88.384198,51.084748,38.220718,31.971979,33.591247,73.177464,71.301002,93.051767,70.557567,33.351482,11.797720,65.264277,17.326673,71.627918,65.585769,36.530327,26.526699,86.951251,87.427089,67.707290,53.668570,45.165197,94.178817,44.794764,105.976210,85.749613,44.426493,108.524125,25.799308,21.079029,7.980171,13.644585,83.499382,64.992205,92.725764,50.214395,74.014644,26.428803,70.941335,48.498168,49.823965,53.019022,61.704251,86.389667,82.970521,29.686685,45.690864,83.326900,93.475463,46.212565,110.231794,70.584721,93.361516,34.787710,63.254155,10.265158,57.334696,75.125224,31.985260,75.251073,106.258211,46.681344,20.068466,43.591346,37.662433,13.583999,29.541878
34.365746,63.010258,25.458597,91.966027,44.825290,31.719043,69.001293,72.881125,90.290972,86.277394,98.819488,89.086570,23.023037,91.663371,70.069019,69.760656,5.386188,0.000000,34.092445,81.626643,80.408264,60.513797,74.613647,58.589415,15.403017,74.862472,24.990237,73.248389,32.053780,76.675726,80.662333,80.647023,66.275746,92.914179,55.941436,42.773868,37.191362,38.085704,77.836796,76.079615,98.375485,73.618417,38.721394,7.480558,68.464096,20.841905,75.884295,70.776776,40.428538,31.060855,92.334920,90.994223,72.553578,58.361196,47.399059,99.133087,50.151246,111.340566,90.910935,46.662244,113.909083,23.137987,18.673981,10.280486,12.261359,88.610692,68.494336,96.970917,53.568227,78.488460,30.644424,76.244654,53.137296,53.186534,58.128109,65.383680,91.223585,87.680215,33.238755,50.501110,88.702012,97.446714,51.103959,115.614525,75.335984,98.664795,40.173715,68.586489,14.444000,61.418935,79.301994,36.613434,80.590944,111.630126,50.752324,24.017756,46.670647,41.278728,13.150080,34.874288
17.878912,66.884654,40.684637,58.515877,19.122968,35.845555,52.469820,46.222823,59.879691,54.039107,66.431058,57.181957,28.915322,58.224896,56.848529,38.276608,29.831965,34.092445,0.000000,50.594722,48.362039,29.561844,77.999789,46.915093,20.197186,63.750782,9.127865,60.175818,3.139285,71.293791,47.386261,66.264444,56.828544,58.896355,48.392907,42.036658,13.714580,4.627694,69.935187,42.634261,77.216980,42.769320,19.799217,35.835331,37.176148,13.829903,41.818130,55.251078,7.458666,4.144913,66.463108,58.156665,39.412644,24.836385,23.364092,66.236954,26.297406,87.944519,74.326364,22.787968,88.646881,37.408902,34.208270,24.325142,29.510591,56.896623,72.453886,62.915063,60.444833,44.437654,3.454821,47.642794,48.898810,21.806120,27.498813,32.419966,57.863833,53.967167,6.098243,44.729229,65.511511,63.696547,44.085887,88.919574,66.517149,78.171559,22.727942,49.258425,31.311520,27.527902,76.479394,37.212951,52.793496,84.171267,16.912497,10.217955,17.484518,48.683893,27.133131,24.901274
64.627876,76.462483,74.953958,42.841338,37.099907,64.313447,39.316873,16.381414,9.478054,48.978898,18.359612,8.380236,79.210536,18.087781,46.460692,47.249129,76.462143,81.626643,50.594722,0.000000,5.276321,21.272677,82.780529,46.815884,66.223936,52.783377,58.291603,47.890953,51.287109,65.914059,39.942652,48.177452,52.745339,26.590371,53.218635,60.535797,44.512013,45.967460,61.190460,15.548319,41.472635,50.697966,44.438784,85.209128,47.763334,63.853801,28.695151,41.837453,48.113241,52.019419,24.051057,47.421892,15.082001,27.454332,59.897639,20.287077,33.491221,45.699185,48.489981,59.953639,43.226548,87.890449,84.802850,73.347803,79.770497,7.518764,79.954750,35.937294,76.531084,23.564670,53.666673,10.142333,57.879789,47.108277,23.581959,40.267366,17.173213,18.985276,55.053753,54.931939,29.692761,42.379664,53.180344,41.370300,57.913125,43.456139,44.240469,33.423695,72.701529,34.789200,72.911934,61.148848,12.327179,35.924212,40.092111,60.105087,52.058686,71.369282,77.438179,51.518776
61.452656,79.360402,75.406319,37.764865,36.575107,65.074767,43.048446,20.039618,13.508632,43.713510,18.426259,8.819935,76.583492,14.733525,50.256733,42.211663,75.355204,80.408264,48.362039,5.276321,0.000000,19.979141,86.185855,49.638580,65.050686,56.833794,56.474962,51.903445,49.348266,69.828539,34.666499,52.656035,56.209724,22.296256,55.869126,62.157374,43.639143,43.765100,65.266386,10.416038,46.736774,45.556113,44.302785,83.580693,42.774075,61.912415,23.460159,45.717751,45.218024,50.156123,29.317181,42.244468,10.605641,24.268330,55.944578,19.262903,33.932655,50.832988,53.461413,56.045229,48.098993,85.352458,82.469338,71.743659,77.793484,8.600304,83.092827,31.450351,78.846710,18.289012,51.569262,14.110391,60.323593,42.997021,22.405403,35.447134,13.892171,14.513293,52.425243,57.132992,34.881609,37.611494,55.408663,45.907835,61.906299,48.710339,44.452824,37.069861,72.275654,30.391805,76.812019,62.250844,17.272824,40.356586,36.573738,58.168711,48.312501,72.931457,75.433112,51.828361
44.828568,65.848123,56.214292,45.666378,16.786363,46.418875,35.404759,18.962045,30.384459,47.086893,38.399505,28.578427,58.406806,32.779035,42.139181,38.214285,55.418520,60.513797,29.561844,21.272677,19.979141,0.000000,74.466614,37.242118,45.129652,49.537225,37.028749,44.788739,30.068322,61.055650,37.702812,48.329636,46.006455,37.052825,42.394898,45.313216,23.663882,24.947337,57.590645,18.502373,51.870036,42.811898,24.756538,63.946603,38.096071,42.613990,26.619776,38.513405,28.067677,30.773697,38.284328,48.226780,14.414007,10.580762,42.564647,39.076685,15.767146,60.533987,53.159356,42.442101,60.193067,66.967371,63.721062,52.085832,58.526937,28.098652,70.375421,44.311064,63.453716,25.142788,32.518801,18.593379,45.909768,31.188646,2.435508,29.865080,32.150894,30.034488,34.421651,42.089467,39.380018,48.265079,40.536131,59.855643,53.962104,53.288502,25.340993,29.937004,52.378012,22.184824,67.682946,44.252631,24.002141,54.902697,22.260876,38.868502,34.261362,55.700812,56.204254,32.701171
93.545696,11.747713,49.182507,120.000410,64.549451,45.193733,43.606140,66.403954,85.066884,121.280464,98.931031,90.412976,93.358375,100.742682,36.717163,109.895822,71.111497,74.613647,77.999789,82.780529,86.185855,74.466614,0.000000,37.313903,69.122721,31.943401,75.046615,36.168281,75.145785,19.478391,112.047740,39.656711,30.035404,108.256174,32.223299,36.202445,65.321969,77.022122,25.037441,91.093605,62.404405,114.774263,59.228422,82.094186,109.330454,77.900342,101.077792,41.424427,84.106417,74.478739,71.790828,122.691226,87.328269,82.796359,101.358870,102.060782,60.291029,76.003549,47.888930,100.787646,82.918620,96.865401,92.111697,76.717076,84.473328,89.291852,6.121939,116.924037,21.097690,99.048708,77.178099,72.639643,29.755296,96.705617,73.089965,101.761932,99.850216,100.460816,83.257064,34.003515,62.930698,121.973770,35.124100,88.379882,26.990578,60.907524,56.501032,49.381858,60.865603,94.018921,14.134134,41.851798,72.000945,88.061734,87.806655,76.823399,94.770453,33.450013,83.798366,53.104946
64.458853,29.721843,39.273048,82.690500,29.751509,28.513826,12.095076,30.673531,50.837603,84.247415,64.197180,54.906230,69.936660,64.356389,11.485952,73.782837,53.503177,58.589415,46.915093,46.815884,49.638580,37.242118,37.313903,0.000000,46.612434,17.210806,47.412680,14.726202,44.701212,25.015911,74.921891,22.059814,9.975510,71.354748,6.618781,18.957507,33.202252,44.527723,23.050246,53.857559,41.859657,78.611170,27.182500,65.210550,73.361078,52.052429,63.813901,12.787805,51.435895,44.404491,42.342829,85.454628,50.047257,46.069989,69.235553,66.840717,24.079610,55.965472,32.443108,68.785705,60.435002,76.107446,71.542370,55.639139,64.067471,53.855844,33.624786,79.817550,30.242305,61.739527,47.320734,36.872381,11.749173,62.173336,35.996390,65.480858,63.495819,63.610177,52.896895,10.468115,35.354024,84.703928,8.945242,63.997954,19.602421,41.642637,24.276131,15.347288,44.668581,57.634662,31.088890,23.471286,37.554787,61.643184,52.787454,49.600596,61.668317,28.532156,62.503287,25.214018
27.034235,57.397696,23.703291,78.712372,29.482946,23.929931,55.933792,57.772666,74.902110,74.028718,83.471137,73.707281,24.451824,76.558538,57.995865,57.935928,10.318285,15.403017,20.197186,66.223936,65.050686,45.129652,69.122721,46.612434,0.000000,63.594403,11.364414,61.304002,17.644468,67.523268,67.575613,68.458574,55.326825,78.242439,45.243388,33.917550,21.811199,23.606418,67.765402,61.024224,84.551406,62.208450,23.825330,19.915170,56.748071,10.171650,61.740337,58.034347,27.310089,16.572200,77.473098,78.295486,57.407352,43.447454,38.545502,83.860534,35.079979,97.080016,78.233077,37.824506,99.264951,29.597151,24.963899,9.050578,17.458447,73.221459,63.100563,82.817695,49.037799,63.927482,16.944234,60.944471,43.546415,41.217264,42.737549,52.534701,76.090180,72.721381,21.239008,40.157549,74.326953,83.846709,40.332912,100.709880,64.871867,85.009412,25.627964,54.793928,12.030050,47.676552,71.231863,27.724074,65.389886,96.588436,37.101398,11.457628,35.544061,36.292974,15.936090,21.566112
81.445787,29.995706,53.397881,93.044243,45.762131,43.657053,14.283126,36.818394,53.833617,96.176150,67.749952,59.834944,87.120671,70.862360,7.445108,87.537982,69.943008,74.862472,63.750782,52.783377,56.833794,49.537225,31.943401,17.210806,63.594403,0.000000,64.607199,4.948364,61.674272,13.285584,86.665935,8.495496,8.674248,79.126680,18.971512,32.852438,50.059777,61.060568,8.435077,63.442199,32.151865,92.234530,44.185058,81.726286,87.292691,69.261533,75.039108,11.294369,67.790992,61.431855,39.847480,96.529717,60.117809,59.503309,85.530632,71.115987,39.286182,46.467230,18.987742,85.123738,52.575750,93.161164,88.556726,72.577306,81.014788,58.680584,31.088246,88.236551,35.589212,71.949419,64.346101,42.782673,22.659799,77.486164,48.910863,79.156072,69.943122,71.345650,69.792481,24.470860,31.016689,94.021106,23.760444,57.493229,5.192875,31.110257,41.315101,20.188457,60.619700,71.324066,20.251775,38.561366,41.181407,56.622000,67.955419,66.801377,77.706340,39.629267,79.522276,42.359978
18.516279,63.552714,33.604027,67.515774,23.596572,30.810317,54.796784,52.115403,67.378444,62.670205,74.741810,65.269117,23.445483,66.973128,58.196754,46.580218,20.714195,24.990237,9.127865,58.291603,56.474962,37.028749,75.046615,47.412680,11.364414,64.607199,0.000000,61.564364,7.197281,70.605259,56.324220,68.208825,56.977555,67.938548,47.631595,38.872827,16.251925,13.157844,69.955573,51.365215,81.540324,50.882640,20.915963,27.156252,45.400560,5.710389,50.945519,57.314945,15.976697,6.322751,72.309648,66.980859,47.988718,33.567443,28.263519,74.757822,30.379911,93.108240,77.114622,27.574714,94.444346,31.111632,27.286467,15.420385,21.524749,64.904323,69.236450,72.042752,56.164703,53.501690,5.715348,54.326858,47.154454,29.871929,34.777963,41.217984,66.575739,62.842374,10.107705,43.232202,70.395442,72.774854,42.940723,95.209576,66.735810,82.283913,23.578356,52.472172,23.053007,36.622532,75.170853,33.277791,59.218840,90.703848,25.976039,2.254060,24.397004,43.787119,19.233581,22.904854
77.975650,33.071440,52.901360,88.107269,41.821236,42.633292,9.417225,31.880326,49.161526,91.309142,63.074285,55.021070,84.401954,65.975732,3.367619,82.875630,68.196684,73.248389,60.175818,47.890953,51.903445,44.788739,36.168281,14.726202,61.304002,4.948364,61.564364,0.000000,58.237587,18.056508,81.793820,7.512017,8.953241,74.198433,18.133013,32.230145,46.563100,57.283728,13.378629,58.501264,29.984870,87.546473,40.866462,79.921383,82.658357,66.411078,70.146705,6.372611,63.892883,58.059696,35.838828,91.615114,55.191838,54.856374,81.558907,66.382155,35.143260,44.407178,18.326416,81.174230,50.026817,90.744970,86.206034,70.340150,78.762324,53.870846,34.782793,83.296741,37.608188,67.017888,60.962294,37.866753,22.596894,73.168696,44.238700,74.495241,65.058156,66.413597,66.252928,23.558100,27.234885,89.072795,22.532582,54.587510,10.022175,29.247717,38.060762,15.263066,59.211111,66.681481,25.052324,37.521927,36.384297,53.326434,63.623751,63.785922,73.635679,40.102541,77.168830,39.825714
19.772050,63.966107,37.586399,61.159275,17.980017,32.727732,50.790910,45.903625,60.452076,56.936283,67.579483,58.153270,29.048649,59.781463,54.891107,41.295473,27.561080,32.053780,3.139285,51.287109,49.348266,30.068322,75.145785,44.701212,17.644468,61.674272,7.197281,58.237587,0.000000,68.854731,50.103011,64.500385,54.556972,60.869764,45.890734,39.100862,11.686558,6.037340,67.657678,44.173900,76.281069,45.823657,17.519057,34.344379,40.214285,12.577427,44.114512,53.498723,10.545826,1.095368,66.158481,60.949789,40.791757,26.383178,26.286671,67.566161,25.089548,87.359082,72.840395,25.689043,88.341072,37.259354,33.761135,22.615828,28.490103,57.809247,69.556448,65.203514,57.408824,46.467945,2.846622,47.728136,46.203599,24.897696,27.877542,35.261333,59.380927,55.676819,8.283918,42.067799,64.783211,66.217831,41.490544,88.847630,64.282364,77.156356,20.428258,47.861480,28.434537,30.059391,73.915841,34.177402,52.751830,84.217770,19.557644,8.828194,20.609347,45.586916,26.151783,22.047055
88.422203,21.005036,52.832356,105.495968,54.747904,44.993303,26.836421,49.789184,67.119010,108.073134,81.035255,73.076163,91.822707,84.001815,19.612828,98.469568,72.225714,76.675726,71.293791,65.914059,69.828539,61.055650,19.478391,25.015911,67.523268,13.285584,70.605259,18.056508,68.854731,0.000000,98.614219,20.314323,15.242836,92.120179,23.012032,34.019630,57.682581,69.245579,5.566541,75.993206,42.956513,103.257177,51.511005,83.936616,98.109729,74.622393,87.144702,24.112231,76.239394,68.431990,52.757787,108.756242,72.515912,70.535963,94.020711,84.396854,49.020317,56.701435,28.514835,93.545935,63.496068,96.921408,92.189879,76.155564,84.483099,71.925070,20.116215,101.141820,29.231152,84.371875,71.322722,55.852469,23.979906,87.188410,60.139070,90.118958,83.086402,84.320452,77.132262,27.512935,43.786755,106.751181,27.669679,68.907721,8.092942,41.506575,48.584498,32.841670,62.236728,82.256167,6.998823,40.287717,54.433578,68.605761,77.789586,72.677426,86.585979,37.253832,83.298471,47.705799
50.011022,103.009299,86.448114,11.355988,49.464231,78.921840,72.387200,51.516137,46.691952,9.526858,41.846097,38.948503,67.236424,29.763497,79.389206,14.065198,76.909075,80.662333,47.386261,39.942652,34.666499,37.702812,112.047740,74.921891,67.575613,86.665935,56.324220,81.793820,50.103011,98.614219,0.000000,84.311837,83.664731,22.604572,79.860615,80.751288,52.514763,44.469632,94.904887,24.817870,81.350875,14.212859,56.937402,80.727915,15.421686,59.825222,11.803152,75.427522,40.385047,51.197649,63.965564,11.150506,27.161453,29.644752,38.511767,38.742799,52.074801,85.036362,86.963398,39.038864,81.437381,75.736206,74.678987,70.439592,73.120701,39.718911,107.758136,19.943649,99.619107,16.379209,50.649098,47.025713,83.008575,27.980115,38.961438,15.306252,30.250860,24.825329,47.427930,78.988899,69.277077,17.423176,77.558942,78.148991,91.308994,83.285358,58.806840,66.576799,78.485619,20.360853,105.315350,78.214596,51.398418,72.435487,30.548967,56.842065,35.035431,90.243345,70.845819,65.195958
84.133482,38.452080,60.399989,89.812151,47.509960,50.141608,13.884037,33.106254,47.978967,93.833963,61.809023,54.588203,91.256091,66.057545,10.578544,86.533436,75.561218,80.647023,66.264444,48.177452,52.656035,48.329636,39.656711,22.059814,68.458574,8.495496,68.208825,7.512017,64.500385,20.314323,84.311837,0.000000,16.042195,74.762229,25.627631,39.728224,52.819049,63.112491,14.791250,60.264518,23.659923,91.082426,47.353566,87.257350,86.425343,73.200397,72.538009,11.013402,69.503154,64.395106,32.562648,93.670092,57.282402,58.728900,86.980184,65.393459,40.560053,37.973931,10.903948,86.635107,44.115172,97.789885,93.293294,77.506623,85.910314,53.419286,39.299201,84.062522,44.016318,68.928880,67.273281,38.575642,29.979079,77.914549,48.118674,78.193892,65.128929,67.088067,72.361813,31.066673,23.534923,90.230161,30.042434,49.131268,12.758828,22.623254,44.631772,18.476977,66.666038,70.490603,26.876493,45.031187,36.064198,48.468951,68.381253,70.447450,78.903997,47.375710,84.265326,46.914440
74.285945,25.034622,44.759471,90.893456,39.687174,34.989146,13.703870,36.370475,55.294684,93.085137,69.083807,60.408335,79.115207,70.722090,7.567408,83.239714,61.401525,66.275746,56.828544,52.745339,56.209724,46.006455,30.035404,9.975510,55.326825,8.674248,56.977555,8.953241,54.556972,15.242836,83.664731,16.042195,0.000000,78.365490,10.337068,24.183054,43.124981,54.497919,13.106777,61.589387,38.932009,88.034573,37.054730,73.194664,82.872060,61.417014,72.309868,11.976767,61.411387,54.225166,43.658096,93.961325,57.967090,55.336371,79.211051,72.117066,33.803086,53.354151,26.938782,78.760766,58.881771,84.922892,80.282461,64.258465,72.691657,59.293962,27.570285,87.164683,28.774540,69.797359,57.138752,42.604255,14.066867,72.029749,45.000351,74.895216,69.826894,70.558507,62.782212,15.817692,35.434600,92.469079,15.189362,63.295179,9.761559,38.197956,34.134128,19.357813,51.994047,67.033193,21.684710,29.898379,42.108121,61.795879,62.600156,59.132751,71.632309,31.336697,71.262484,34.372862
66.903086,100.998219,92.794188,19.145525,53.216306,83.375297,65.322429,42.333958,29.491765,28.615911,20.534990,21.455247,83.794343,9.597842,72.537507,35.655995,88.384198,92.914179,58.896355,26.590371,22.296256,37.052825,108.256174,71.354748,78.242439,79.126680,67.938548,74.198433,60.869764,92.120179,22.604572,74.762229,78.365490,0.000000,77.365619,82.155130,58.875312,54.833315,87.557904,18.552157,66.147284,36.734526,61.334178,94.556685,36.821097,72.613325,18.362491,68.011385,53.377577,61.880640,48.167951,24.718477,22.639135,34.890573,57.469125,16.846704,52.751671,66.922539,74.735766,57.843029,62.152123,92.622902,90.720666,83.214605,87.652328,22.553021,104.955836,9.452990,99.759199,14.486197,62.350263,36.363421,81.544882,44.961881,39.269081,32.937960,10.454128,7.810283,61.049464,78.074009,55.366411,16.519320,76.405736,57.991595,84.202529,68.288905,62.249334,59.332749,87.459410,32.885537,99.100654,81.305149,38.840194,52.340813,42.994394,69.100009,51.858448,92.678496,85.272669,69.526107
65.414345,23.655945,34.772399,88.042593,32.804966,24.707792,18.134045,37.183704,57.428630,89.065810,70.733808,61.368682,69.259154,70.602046,15.452837,77.838267,51.084748,55.941436,48.392907,53.218635,55.869126,42.394898,32.223299,6.618781,45.243388,18.971512,47.631595,18.133013,45.890734,23.012032,79.860615,25.627631,10.337068,77.365619,0.000000,14.100797,34.889471,46.569638,22.554920,59.599194,47.138414,82.705346,28.683014,62.880762,77.322791,51.787577,69.009165,18.142183,53.629689,45.445007,48.763390,90.569918,55.704879,50.575686,71.337224,73.320189,28.098723,61.431157,36.452855,70.836628,66.265785,74.829651,70.160237,54.111036,62.531954,60.331163,27.983403,85.664669,23.628374,67.256202,48.328626,43.348946,5.220689,65.304018,40.927329,69.641850,69.753340,69.665957,54.173850,5.508364,41.501051,90.326000,4.917008,70.072782,19.638129,46.714232,25.775455,21.914197,41.658541,61.862411,28.128306,19.602272,44.155926,67.908035,56.134852,49.725567,64.129018,22.584106,61.162403,24.763330
57.354033,24.870465,20.671824,90.121928,31.315614,11.064543,31.018099,45.764792,66.312260,89.421987,78.757929,68.910194,58.366609,76.642568,29.468190,76.277141,38.220718,42.773868,42.036658,60.535797,62.157374,45.313216,36.202445,18.957507,33.917550,32.852438,38.872827,32.230145,39.100862,34.019630,80.751288,39.728224,24.183054,82.155130,14.100797,0.000000,30.109348,41.508018,35.084046,63.697217,60.780768,81.142047,24.437371,49.962004,75.529109,41.991235,70.955071,31.661176,48.497562,38.385081,60.475941,91.824565,59.622105,51.168880,65.382738,80.800920,29.559018,74.921855,50.541203,64.789413,79.319045,63.022512,58.272374,42.296475,50.550835,67.989425,30.489821,89.623913,19.059493,70.325413,41.033091,51.451631,10.418205,61.802330,43.303427,68.568262,75.872420,74.799044,47.122228,8.719226,54.049930,93.336151,10.032163,82.689444,32.715065,60.493050,22.133972,33.375053,28.337058,61.215177,37.334539,6.281037,53.481622,80.058891,53.499728,40.696171,59.153362,10.840016,49.463137,17.223673
31.415380,54.574210,34.334653,62.814503,7.733211,26.451855,39.136790,36.348483,53.099833,60.561716,62.049477,52.165664,39.672104,55.981492,43.221155,46.482393,31.971979,37.191362,13.714580,44.512013,43.639143,23.663882,65.321969,33.202252,21.811199,50.059777,16.251925,46.563100,11.686558,57.682581,52.514763,52.819049,43.124981,58.875312,34.889471,30.109348,0.000000,11.748004,56.230452,40.791066,65.294045,51.306185,6.211514,41.344208,45.653341,21.840150,44.241048,41.821696,18.845315,11.593602,56.386813,63.659610,36.912554,24.350536,36.457282,62.710944,14.151101,76.912092,61.270422,35.949978,78.439999,47.317521,43.353392,29.617964,37.025665,51.624750,60.001111,64.692429,49.077594,45.167884,14.455994,39.190783,35.798937,31.695705,21.234205,39.123723,55.428483,52.623220,19.732993,31.564280,54.173587,67.008161,30.766615,79.465775,52.804655,66.056757,9.115268,36.401771,28.849868,32.279196,63.016963,26.316209,43.772386,75.147101,23.570098,18.478283,29.474632,38.343109,34.883851,13.138482
21.476040,66.170124,42.430683,55.417844,15.621881,36.450943,49.249456,41.847236,55.253162,51.625855,61.877932,52.584342,33.487151,53.846075,53.996214,36.423494,33.591247,38.085704,4.627694,45.967460,43.765100,24.947337,77.022122,44.527723,23.606418,61.060568,13.157844,57.283728,6.037340,69.245579,44.469632,63.112491,54.497919,54.833315,46.569638,41.508018,11.748004,0.000000,67.573485,38.240157,73.192696,41.097063,17.943898,40.207153,35.434890,18.260417,38.135067,52.115808,7.098035,7.065393,62.057059,55.419305,34.935103,20.431833,24.781817,61.747768,22.721980,83.672441,70.821597,24.300515,84.228997,42.020082,38.835788,28.560190,34.056323,52.289077,71.643904,59.211755,60.291987,40.431196,7.833022,43.102410,47.544933,20.608779,22.907689,29.893623,53.462670,49.685407,9.940355,43.312000,61.349345,60.355932,42.506949,84.409214,64.087144,74.209650,20.814044,45.718768,34.033751,24.261888,74.694059,37.188036,48.290355,79.625324,13.985204,14.562605,17.748477,48.996289,31.686408,24.299635
87.376246,25.677903,54.813444,101.422210,52.627809,46.148105,22.608401,45.253402,62.014187,104.402493,75.921121,68.165420,91.811891,79.262008,15.515905,95.400605,73.177464,77.836796,69.935187,61.190460,65.266386,57.590645,25.037441,23.050246,67.765402,8.435077,69.955573,13.378629,67.657678,5.566541,94.904887,14.791250,13.106777,87.557904,22.554920,35.084046,56.230452,67.573485,0.000000,71.833747,37.440875,100.137777,50.160136,84.959567,95.107594,74.271742,83.321302,19.686510,74.459023,67.317069,47.305057,104.853698,68.473359,67.376223,92.255945,79.352792,46.497620,51.276597,23.076505,91.814140,57.993872,97.329231,92.640863,76.581997,84.983307,67.007268,25.389734,96.671618,33.115957,80.315598,70.229186,51.208147,24.699639,84.791110,56.846033,87.024244,78.341370,79.778765,75.887407,27.645493,38.305776,102.446093,27.445344,63.364329,3.641953,36.029291,47.238400,28.565827,63.412191,79.171111,12.152680,41.226723,49.506810,63.039280,75.306425,72.090260,84.612976,39.774156,83.664408,47.208967
