Traveling Salesman Problem Specification

Visit 200 cities. Distance table:

0.000000,29.422536,37.818680,74.244931,27.440899,58.069019,40.127850,19.474403,51.260746,73.049875,45.502980,11.503282,6.096565,65.812762,32.805217,38.396469,31.705746,51.216361,34.626309,30.118739,40.441640,36.321233,39.155249,9.358543,76.368534,37.061414,73.879545,66.122599,78.001636,29.285782,45.917334,28.250253,72.532694,11.148952,41.907403,69.035475,82.024725,44.634154,56.503995,36.228451,69.900589,47.708028,47.012316,26.589571,40.625027,27.178849,49.751996,50.930291,31.123895,25.551347,28.829384,51.056584,37.063307,56.122696,38.728758,75.425377,22.661460,37.954659,50.743953,45.297906,80.852507,72.360999,16.167985,64.889844,27.631330,67.227147,56.870338,44.548018,42.432429,41.286757,25.528680,55.856751,42.295010,53.116340,77.794159,54.281284,17.524084,87.908700,58.741676,67.203554,48.909263,72.199825,36.284030,74.112808,74.392110,51.276137,12.370420,93.143428,29.683796,25.748586,76.941832,46.452600,51.587498,38.244434,38.680501,66.115475,38.931871,23.732857,36.890946,76.901550,50.618317,58.016049,50.973774,78.041495,47.691253,65.833806,77.567722,4.303224,27.445416,44.239528,16.499227,18.005039,72.570247,5.405679,74.270899,26.846319,21.932405,44.628027,49.292476,6.530528,25.166909,9.321590,66.522771,76.924591,30.948657,49.609635,26.891853,45.297000,42.292602,72.352220,23.961525,85.477119,19.334253,15.948608,31.845833,17.974032,79.764226,51.062268,57.513387,56.813693,28.230577,46.794828,56.109247,42.164181,50.015373,14.585478,48.094233,74.361041,40.927714,44.882996,39.133054,67.481880,44.284694,45.479785,64.037807,71.805188,66.301822,65.917508,18.151185,54.642595,30.956926,36.942784,20.737576,64.220144,57.970376,82.096234,29.958871,51.595145,72.801577,79.307058,40.308728,28.291096,27.478319,70.653491,16.159809,47.476738,68.904002,49.557209,52.297967,24.838715,9.888139,18.027659,4.906899,26.136017,76.268908,15.950653,45.724100,73.828559,33.749415,61.119289,36.358215,55.054277,39.476570,18.603170,28.156516,84.786215,24.139085,35.439826,48.696324,33.072946
29.422536,0.000000,11.295638,72.912451,56.595366,56.750957,53.468290,35.815649,61.899053,80.908239,59.750956,26.251554,26.182911,50.177349,62.110564,67.491404,10.230000,56.207089,20.559409,57.642756,17.757263,61.546866,9.734690,38.723200,99.080740,45.517094,79.289893,84.859144,89.779482,55.834083,72.944849,56.993629,72.604710,19.064326,49.555928,90.633139,93.514052,70.819596,54.144893,11.637516,93.453016,58.345318,75.810039,6.863744,68.943736,56.146508,74.794767,55.907748,19.824830,51.632930,6.351210,36.783873,33.327695,83.671170,67.658791,91.547214,52.050530,33.791701,65.870772,74.180919,97.266623,61.077140,39.472402,72.863143,52.673645,67.351027,49.348968,70.784035,69.274213,40.409322,47.035477,57.761153,58.356315,82.503252,85.410407,63.932198,16.004948,107.390019,47.372591,89.460396,67.368654,90.063491,31.999170,77.272761,80.712183,74.909390,37.949265,111.812244,9.799578,55.165404,65.604233,66.936863,81.008791,53.515237,22.713214,51.289001,68.342932,11.391841,34.626994,71.295622,62.325289,76.573066,38.139469,67.723217,77.022498,91.574620,74.956705,25.562040,43.958327,72.984288,45.659621,45.136786,74.268072,24.650697,85.156105,2.831257,50.572862,63.020337,75.837184,29.604561,9.849171,22.806497,70.422785,96.130439,14.598097,77.808184,35.631751,74.681881,34.659218,60.690068,23.051461,99.276605,40.847046,39.213457,53.847847,15.654994,98.731010,40.870029,86.922766,64.186470,57.173366,58.735366,39.002855,31.781348,75.695615,41.558623,58.391192,79.897869,58.878458,46.457947,13.510603,65.334508,22.109277,54.827784,86.692690,62.530037,85.468026,84.181242,46.974723,77.223770,29.097835,23.573526,19.105572,65.534170,42.588290,91.641245,22.540982,68.019972,65.496827,99.288053,69.559342,2.456902,9.231363,67.648637,21.889772,71.995311,93.045474,43.090718,67.425789,19.607541,36.808985,21.609295,30.484360,45.204415,74.871249,41.709369,75.034881,71.662328,62.722689,88.840409,65.729392,82.082909,16.145566,11.399033,38.103932,75.459102,31.864599,56.547888,61.132731,20.470857
37.818680,11.295638,0.000000,82.697133,63.853213,66.875110,64.762153,39.058112,73.133632,91.853856,71.044596,36.742442,35.746930,56.701869,69.550990,76.207358,19.932059,67.136189,14.960306,63.480018,7.483673,71.875738,9.037146,46.707802,110.021299,56.772888,89.998588,96.088343,100.963250,61.162016,82.856575,66.016816,82.642992,26.713120,60.747096,101.675489,104.670984,80.980428,64.162615,2.826611,104.260633,69.595753,82.327848,11.229518,75.091117,64.991799,85.254097,66.839905,16.337744,56.912338,17.110118,44.707355,43.935596,93.420672,74.444822,102.842774,59.846766,44.316357,77.162565,80.820568,108.562068,68.699295,49.767305,83.874372,62.944584,77.486821,58.477544,80.930676,79.230102,51.081479,57.771807,68.331302,69.613169,90.632077,96.304417,75.112949,26.945351,118.618959,55.553093,100.428602,78.561817,101.332752,42.603631,87.718590,91.509052,85.628790,47.778474,123.077838,8.875760,63.066578,73.058877,77.986660,88.786203,64.776211,15.143558,58.076846,76.082931,22.686690,45.358928,80.206666,73.591723,87.791540,46.435972,75.438037,85.340354,101.941799,84.456488,33.609374,55.084743,82.032507,53.162745,54.769911,84.541081,32.560619,96.305142,13.903555,59.640417,74.197638,85.919671,36.361487,21.111196,29.630001,81.046964,107.357460,24.844684,87.225056,46.925399,82.845283,44.537436,68.203241,34.330822,110.528417,45.127352,44.323138,64.624732,26.639488,109.972431,49.753280,94.539619,75.221429,66.041370,70.016712,45.640156,41.263061,86.014001,47.883488,69.630032,90.615549,70.057866,57.233685,2.352475,75.114259,28.218102,66.051169,97.603343,70.713375,96.677565,95.428831,55.908443,88.105182,40.116187,33.144513,21.595550,75.884246,49.670430,102.671047,19.943700,79.293193,74.129140,110.478223,76.801175,10.735607,10.754476,77.212350,32.889072,82.544104,103.755257,52.736729,78.718838,30.836463,43.516877,24.989759,37.697425,56.161660,84.610180,51.619586,83.405335,81.311203,71.566762,98.525760,73.307953,92.030630,22.891493,21.677211,49.395534,83.273894,43.150844,67.458114,72.417292,15.835318
74.244931,72.912451,82.697133,0.000000,89.445208,16.599069,40.668834,93.371754,31.786478,23.905550,40.047585,63.093973,68.684112,36.819212,91.339308,85.175647,62.955167,24.504099,93.046145,97.335898,90.057805,65.988894,74.832332,78.144511,73.064922,38.218863,17.513770,53.529678,37.095175,98.512257,76.041098,77.789731,3.638056,75.688240,33.824736,64.705617,38.373637,71.841657,18.890363,84.053691,72.740571,33.280958,105.456688,78.322638,102.942509,78.847438,69.239928,24.722593,91.449300,96.162878,66.568297,40.086193,40.320356,83.883231,98.541281,49.186939,84.126839,39.668580,40.837450,103.630951,53.023650,25.245551,62.943247,23.161138,64.445356,7.314434,24.889177,72.016437,73.771344,33.994823,57.707892,18.631725,44.198073,98.882829,25.068711,28.948588,64.038160,67.988805,30.329418,66.241389,48.795507,53.292601,41.570332,11.602170,20.128078,64.618004,66.865156,68.651080,82.333165,84.918271,25.320395,53.874378,100.601532,44.192521,95.582203,34.855609,92.948623,63.439600,39.527262,10.810322,33.906993,50.387694,37.777586,22.820542,93.872961,80.038445,4.257980,75.129113,50.790870,85.211532,83.008649,69.279756,7.571736,75.497425,32.832089,71.439035,75.119091,48.645547,75.299332,80.453653,64.175363,78.485817,13.669789,60.272758,58.316522,84.246664,47.390878,93.657036,38.266224,26.188060,53.757024,47.430603,93.426554,89.888756,57.475432,63.933006,61.047316,33.614154,105.823930,23.942191,79.093481,35.681805,42.802967,41.436259,71.880014,86.593847,32.597074,17.999660,48.094952,29.417609,85.035566,7.586244,56.766586,32.808804,66.205445,20.367479,55.004160,51.931871,74.980230,62.117584,45.917028,49.571978,85.460473,10.859441,38.600199,32.763712,93.114984,43.824455,15.315471,64.397370,96.953431,74.849734,81.030531,6.082250,60.596806,66.498667,74.636247,29.960439,40.726092,55.631157,83.089928,85.393446,79.124938,54.168299,2.037947,66.489169,92.240384,2.244133,81.747632,87.848246,92.509149,80.462095,60.603366,69.174648,46.416088,22.229191,50.179698,55.275563,35.832196,92.589182
27.440899,56.595366,63.853213,89.445208,0.000000,75.122618,49.321698,29.854557,60.093803,80.909261,52.077664,35.727947,32.256065,89.665251,5.776663,16.748651,59.015490,64.941687,56.896038,9.327377,64.956021,29.324810,66.309389,18.113882,65.678966,51.686721,83.834701,62.721321,81.385047,12.345957,30.904381,13.846184,86.890620,37.624125,55.718342,60.994834,85.277104,32.260832,74.433469,61.845825,58.490182,57.380154,19.725856,52.852866,14.296926,12.144112,38.769253,64.722748,53.264266,13.447777,56.266515,75.384774,59.124611,37.752664,11.397935,74.159717,5.665681,60.020194,54.945085,17.949912,78.611356,93.788597,27.799936,73.739118,26.006626,82.131152,77.675802,32.068075,28.911065,60.985149,31.760658,71.046893,47.772743,27.459775,85.332294,63.411211,44.542055,80.984460,81.229313,58.345813,49.370999,69.120517,58.758807,85.922956,83.491010,42.812780,25.046306,86.893876,55.153048,4.709738,98.114036,44.656981,25.105197,46.036601,60.815228,89.608644,12.587758,50.964770,58.299196,94.736949,58.546937,56.265494,74.775111,98.593530,22.865282,50.680832,93.362460,31.047271,38.793126,23.393160,10.958401,20.402250,85.701779,31.944675,79.025088,54.129276,14.367124,46.405838,34.835828,27.492709,52.490894,34.275595,78.641215,71.456047,57.772778,30.099501,45.249751,20.049845,65.079746,93.974818,48.505269,85.862830,23.332698,21.765997,33.425492,45.007407,74.316655,73.777111,30.716226,67.519812,12.516030,55.433199,81.070153,66.045717,37.533513,16.458317,57.991805,84.151750,44.512407,62.335700,64.785347,83.932623,71.140395,56.899271,54.965605,92.199302,62.274322,63.193546,14.789062,47.359995,53.690205,62.450076,43.503234,78.629551,82.193100,87.327141,50.754700,54.030718,91.997744,72.489552,12.984293,55.225011,53.121619,87.349715,41.620299,38.183482,56.549149,70.736340,56.129563,50.484420,20.371908,40.006529,26.255913,35.295913,91.325710,23.822387,21.235796,89.651985,14.533567,41.688372,9.627007,38.272805,66.659930,46.034819,45.066565,104.372005,44.448727,36.690731,56.346747,55.155936
58.069019,56.750957,66.875110,16.599069,75.122618,0.000000,28.581737,77.016394,23.464920,28.932308,30.219998,46.775975,52.380283,29.335453,77.586345,72.858346,46.982872,12.529426,76.679636,82.519181,74.137305,54.492766,59.385421,62.550916,70.290824,23.455503,24.847316,50.672053,41.436816,83.411022,65.847950,64.446764,15.864369,59.117962,19.867999,61.212149,44.093141,61.719678,2.942283,68.071887,68.342656,23.146667,92.230435,61.949179,89.017829,65.291943,60.407293,12.571294,74.987388,80.806742,50.400430,26.860546,23.798401,74.931743,84.876578,50.116526,69.630144,23.184204,33.302552,90.367234,55.095730,23.483371,47.837543,23.196745,51.319859,10.614476,12.583021,61.864447,63.076260,17.400117,43.846583,6.285888,33.630999,87.549315,32.396323,22.001440,47.439688,69.320636,19.808475,62.037838,40.744934,52.438067,25.071492,21.270486,26.983719,56.501989,51.519502,71.384258,66.025116,70.760403,26.440715,45.032593,88.781866,32.104738,79.327765,27.745836,79.951320,46.974879,22.942057,19.614332,25.620724,45.237263,24.369332,25.664056,82.206168,73.657740,19.552701,58.747920,36.389468,73.875070,67.858238,54.734416,17.732123,59.075999,36.455141,55.147270,61.015973,39.210877,65.849052,64.167670,47.782759,61.973529,15.915977,59.759478,42.207020,73.982940,31.421859,81.609723,22.365635,24.149562,37.158040,52.316304,77.351621,73.859653,44.975867,47.336271,61.262565,19.773427,94.344514,17.785300,65.673958,25.662611,31.248030,25.911518,62.884709,70.885159,22.493482,25.495807,37.441689,13.249557,69.225450,9.426726,42.322596,21.023125,61.164179,19.791521,52.014732,49.209928,60.406991,55.046562,29.320718,33.785901,68.865426,9.433952,27.770986,39.979516,76.582312,36.700444,17.700473,63.882393,83.722858,58.602174,64.651198,12.604405,44.054604,57.356776,69.721684,14.706969,33.828615,39.070426,67.163196,68.799139,62.914536,40.022782,18.631076,51.593252,80.423824,15.857936,68.976254,79.429702,79.163081,71.679534,45.445098,52.603692,30.756628,29.867687,33.931117,43.520860,26.848794,76.170652
40.127850,53.468290,64.762153,40.668834,49.321698,28.581737,0.000000,59.350949,11.366460,33.225187,6.282921,31.626882,36.212161,52.637771,50.806451,44.668216,46.876056,16.570323,69.253888,57.720010,70.678692,25.932945,60.291339,40.883037,48.976533,9.719358,35.015023,32.049303,38.146838,59.354534,37.383007,37.163709,37.851970,46.206095,9.589929,39.811610,42.134609,33.308444,29.019762,64.771697,44.983821,8.163404,64.788085,55.878247,62.448618,38.286436,32.735691,16.424279,66.471312,57.593813,48.114133,42.660525,26.869309,46.896753,57.952709,38.094459,44.263787,27.264349,12.413302,62.963778,43.808890,51.100291,25.195953,25.301778,23.816435,33.430818,36.132551,33.441604,34.517962,22.487358,17.773148,23.184361,6.295497,59.022949,37.932878,14.598061,38.526232,54.397560,42.375138,39.518961,15.825473,36.779512,27.731767,36.640993,35.067690,29.617285,29.517492,58.510334,60.207325,44.688896,54.615748,18.255130,60.392127,3.568587,72.847872,51.678363,52.284450,42.085927,24.999772,47.469514,10.498318,24.074441,40.692245,54.137369,53.752978,47.685446,44.764852,42.662086,12.727941,45.329377,44.292366,29.853076,36.415750,43.438474,34.204192,50.904281,34.964145,12.454074,37.677405,46.640515,43.724914,47.401809,29.319518,43.225443,42.186306,45.464212,17.836759,53.299525,31.641396,51.603561,30.562930,46.535078,57.509248,53.882219,16.821908,38.719075,45.671648,37.162970,65.859286,18.250152,38.484012,6.718489,48.948238,35.155555,35.032468,49.354255,8.729017,35.404631,9.404010,19.111803,66.941149,36.108804,50.393922,7.895458,37.580881,48.039781,32.881228,31.163788,35.413924,29.427509,26.755367,38.472148,57.517915,29.819606,47.524958,41.968531,66.719120,14.843005,46.281160,46.712137,56.286581,54.286440,58.196333,39.529346,32.826692,29.552955,45.607838,31.568037,13.959192,34.234613,46.913029,56.028122,44.838746,14.970327,42.448154,27.905899,52.016772,41.175915,41.100104,51.638994,51.856270,43.787773,50.083411,44.387682,15.372277,58.355492,21.634479,14.968783,8.586464,68.157401
19.474403,35.815649,39.058112,93.371754,29.854557,77.016394,59.350949,0.000000,70.586182,92.425883,64.473878,30.278499,24.698159,81.357256,35.453830,45.823243,42.669087,70.649422,28.565069,26.149732,37.948690,50.976373,44.401896,20.211338,91.013163,56.523552,93.349321,83.252070,96.878648,23.157658,57.638610,38.410459,91.788819,19.710581,61.373936,84.634763,100.911097,57.577824,75.272804,36.508874,84.110967,67.071613,45.335158,29.827482,37.727459,36.741057,63.575090,70.361149,25.138236,19.085475,38.584910,66.641109,54.883273,66.316958,38.318039,93.297462,28.284349,55.732058,69.414744,44.102476,98.534971,89.480477,34.530312,84.298121,43.372779,86.448251,74.634979,57.437214,54.700944,59.892224,43.552584,75.132771,61.003570,57.089476,97.164681,73.653797,31.920157,104.207095,75.533940,82.445040,66.696405,89.529814,53.922543,93.563105,93.839481,66.218613,30.260776,109.734541,30.310264,31.308704,94.120203,63.523726,54.323872,57.237953,32.169018,81.964950,42.294894,36.191946,55.023953,95.422384,69.847398,75.453092,67.042644,95.518350,52.710394,78.112474,96.566387,18.272176,46.623300,52.469128,22.109880,33.250308,91.948686,18.009738,93.326218,34.323701,33.604116,62.607645,61.452609,13.009880,36.861259,15.885608,85.976966,93.581568,43.987017,58.902738,46.202924,49.874484,59.466306,89.361298,41.068335,103.847201,6.827091,8.277162,49.103958,32.232431,96.468626,67.943066,59.421023,76.275958,37.706583,66.054677,70.811531,58.551074,63.168079,14.354107,67.477572,93.828330,59.201978,63.954460,39.260192,86.442793,56.150139,64.929717,79.122302,89.456559,83.242494,83.243357,30.226600,70.162959,48.743158,51.937490,17.536216,83.522078,73.402823,101.263154,22.028360,69.925575,90.929324,95.533138,41.597447,33.655825,28.855973,89.530264,33.393731,61.919697,82.658346,67.344566,70.929899,40.721980,13.552780,14.385981,14.603130,44.887517,95.404132,32.963215,51.088451,92.851884,42.278048,70.725303,39.270956,66.168092,50.444820,29.321008,47.582224,102.602840,43.201340,52.853628,67.868880,26.831242
51.260746,61.899053,73.133632,31.786478,60.093803,23.464920,11.366460,70.586182,0.000000,21.877947,8.399113,42.160625,47.043523,51.390377,61.151636,53.835878,54.198256,11.346908,78.968980,68.705804,79.492293,34.446113,67.732813,52.249493,47.432215,16.413782,23.808544,28.292540,28.011619,70.476471,44.265928,47.389060,28.570171,56.667665,12.518343,38.217171,31.870502,40.066522,24.992602,73.450994,45.010090,3.671338,74.573687,65.071465,72.800443,48.666740,37.773782,11.425222,76.381413,68.838128,56.110658,44.291146,31.477537,52.437098,68.149952,30.928654,55.210889,31.559573,9.853779,72.794721,36.557094,46.948006,36.557726,13.947304,34.196706,24.975369,34.071844,40.239242,41.994658,25.197225,28.946912,17.209529,12.722009,67.141383,26.600140,3.319010,47.915350,49.108696,41.146443,38.801968,17.536560,31.380731,32.636501,25.992043,23.734995,33.472646,40.875704,52.340294,69.424298,55.412497,49.764041,22.290712,68.968270,14.194072,82.400026,50.072809,61.991723,50.572023,29.643810,40.122660,2.211338,21.985603,41.986778,48.690047,62.216093,50.242514,36.028201,53.587988,24.017611,53.500616,55.555676,41.054110,26.434597,54.309877,23.641691,59.518058,45.816033,16.873706,43.652997,57.788801,52.049882,58.165623,19.105933,38.526375,49.271038,52.475243,27.016556,62.131681,34.673133,47.611757,38.889114,37.410786,68.862179,65.233934,26.846962,48.042225,40.522884,37.752801,74.096579,7.910039,48.748899,4.723067,50.142832,38.616162,40.364722,60.717912,3.514222,24.165346,16.517640,19.614679,75.396377,28.750185,55.252691,7.101075,37.761598,43.126712,29.500739,26.989042,46.534379,31.677721,33.398157,43.817335,67.866594,21.374520,47.791373,31.022845,76.899775,13.237830,40.327334,42.460763,66.150759,63.007689,67.526419,31.973223,42.542691,34.903654,46.301293,31.687662,10.386834,42.299352,58.260799,66.609450,56.028610,26.325092,33.347055,39.248047,60.635557,32.723132,50.746005,56.659289,61.863851,49.072344,56.068248,53.806759,24.793602,51.647160,30.867631,24.098361,4.064159,77.983676
73.049875,80.908239,91.853856,23.905550,80.909261,28.932308,33.225187,92.425883,21.877947,0.000000,29.026987,63.555758,68.631040,57.267747,81.348018,72.581327,72.148171,24.717725,99.234899,89.794031,98.665493,53.277287,85.407713,74.087018,50.418453,36.902084,6.563735,31.690532,13.333724,91.782300,60.532917,67.638156,20.457750,77.889174,32.193125,42.762156,15.325675,56.503666,31.797723,92.543523,51.158833,25.354311,93.783444,84.891981,92.883128,69.086441,52.323751,25.014332,96.891550,90.365011,74.769861,55.626320,48.121684,66.316437,88.050383,25.512376,76.314277,47.869584,26.174880,92.095718,29.124207,47.867030,58.420003,8.266223,54.917056,21.502011,41.431808,56.709823,59.153923,40.989518,50.535263,24.721997,33.218328,84.043055,4.747635,18.772529,68.237872,44.098282,48.493321,44.757871,33.093988,30.204042,49.437675,12.471266,4.198657,47.144278,62.742636,44.810532,89.211432,76.199722,48.764144,38.479516,86.490844,35.817586,102.445008,55.472496,81.281278,69.926099,46.573347,34.711600,22.874985,30.928600,53.127714,46.503767,79.756075,59.859955,27.381768,75.223571,45.894617,70.939704,77.144696,62.596127,16.354335,75.899886,8.930908,78.787334,66.869039,34.945872,58.804290,79.580377,71.190359,79.651058,13.211442,36.849994,67.152690,68.400362,47.824200,80.193522,49.128016,48.763021,58.500612,24.042217,90.734029,87.106597,47.505492,68.299164,37.381784,48.504371,90.992587,16.889872,69.021869,26.516742,60.180148,53.073711,54.997106,82.528242,24.955798,6.240004,36.401242,34.738501,94.182851,26.706475,70.098643,27.740366,45.409849,43.064052,33.171407,30.097772,67.936470,43.610894,51.810957,60.031679,88.907826,20.146648,56.636676,11.171529,97.709218,27.848667,38.439865,40.905115,85.594113,82.327858,87.467385,28.184357,63.269514,50.193145,53.387176,42.928151,25.210383,61.518053,80.135491,87.890258,77.848373,48.136062,24.180943,61.013044,78.440196,25.976071,70.193597,69.493356,81.575962,62.841224,72.322982,74.047694,45.844021,45.997973,51.546082,44.240934,25.007591,98.386118
45.502980,59.750956,71.044596,40.047585,52.077664,30.219998,6.282921,64.473878,8.399113,29.026987,0.000000,37.561872,41.932774,56.401284,52.923469,45.437048,53.099278,17.691845,75.389652,60.843468,76.942846,26.052774,66.538061,45.425729,43.583815,15.431701,31.783310,26.002566,32.500194,62.768746,36.160191,39.151498,36.898661,52.121318,13.806319,34.339199,36.521906,31.970001,31.231143,71.045456,40.090966,7.119522,66.205672,62.115546,64.558670,40.480637,30.201940,17.650572,72.559257,61.345622,54.387759,47.472829,32.454849,44.780973,59.866250,31.819808,47.347801,32.766806,6.139001,64.433566,37.531584,53.487639,29.994227,21.661642,26.086457,33.095041,39.396391,32.133846,33.748508,27.395131,21.601176,24.224282,4.363818,58.835306,33.604500,11.601630,44.759266,48.227259,46.072141,34.318467,10.998584,30.551547,33.407858,34.322159,31.422521,26.333291,34.313345,52.262304,66.438463,47.377470,56.651189,14.821940,60.603925,7.258732,79.015858,55.281332,53.621613,48.368848,30.569393,47.978483,6.546701,18.252240,45.369193,55.839540,53.858910,43.894540,44.270231,48.271426,18.123607,45.169497,48.150108,33.599354,34.832564,49.094300,28.855751,57.184242,37.910263,9.001290,35.802296,51.964183,50.006709,53.130154,27.505009,37.100168,48.374970,44.368963,24.119252,53.743002,36.815845,54.076358,36.838087,40.479798,62.214014,58.606881,18.679435,44.959851,39.497023,41.543777,65.778689,16.291871,40.520396,4.582329,53.648971,40.500042,32.708476,53.760243,7.798606,32.085310,8.119036,23.063362,73.222070,36.540351,56.199603,9.632166,32.678973,50.005312,26.909899,25.044473,38.909680,25.296832,32.815217,44.338811,63.460741,29.461256,51.871107,36.873190,72.717126,8.806555,47.649153,40.669211,57.798850,60.561595,64.414029,39.856855,39.020826,27.188319,40.976627,35.691718,7.676634,40.500732,51.689872,61.854327,50.098879,19.605367,41.656326,32.228058,52.261688,40.884297,42.378806,49.217174,53.541943,41.492414,56.121811,50.607868,21.652208,59.319352,27.911143,15.756607,4.376332,74.266570
11.503282,26.251554,36.742442,63.093973,35.727947,46.775975,31.626882,30.278499,42.160625,63.555758,37.561872,0.000000,5.605419,54.889186,40.406006,42.974863,24.767081,40.674763,38.185445,40.187593,41.294489,35.295315,35.352450,18.486589,73.453565,26.823955,63.808380,60.712584,69.751398,39.888947,46.835251,32.220036,61.530278,14.579225,31.669254,65.330666,73.722341,44.590598,45.118924,35.952746,67.561565,38.507110,55.400744,26.231340,49.748946,31.739655,48.572511,40.379465,35.171073,36.440860,23.250100,40.251341,25.600951,57.648919,47.090833,68.845896,30.276314,26.497232,43.322354,53.585137,74.459608,60.950906,13.248822,55.304319,26.431546,56.179640,45.382836,44.559472,43.145615,29.831571,21.087257,44.894374,35.066184,58.681799,68.296323,44.952874,10.561328,83.087694,47.441743,63.922399,43.084209,66.407243,24.864027,63.597947,64.533103,48.897542,12.411470,87.928677,30.292094,32.874175,65.514889,41.778813,57.855587,30.496825,41.981739,55.079278,45.671841,16.898059,25.390772,65.452440,41.856560,52.403045,39.967620,66.569730,52.983664,65.330995,66.315372,12.080046,19.756093,47.835905,25.458174,19.658678,61.795699,12.563573,65.677856,23.420369,25.961884,38.670936,49.630657,17.392906,18.699206,16.108179,56.049016,71.873527,22.516320,52.132226,16.103939,50.974855,30.965467,60.964161,13.010054,78.039258,30.810115,27.451357,27.954075,10.993782,74.608976,39.771473,63.927641,46.923157,32.683656,38.004410,45.635872,31.128940,49.444459,25.618407,38.797524,64.323496,34.628074,33.677545,38.578591,56.201637,35.720671,35.816963,61.011444,60.318681,61.126260,60.256557,22.865688,51.491879,19.531696,26.760708,25.902074,53.294080,47.153657,73.182134,35.165902,44.786201,61.301185,74.703015,47.884815,26.082929,28.102119,59.326649,5.974610,45.818301,67.017079,38.074508,44.913324,14.758493,21.206292,24.455149,16.216151,19.925771,65.126000,15.873847,50.947333,62.592412,38.102904,62.854102,43.517955,55.932138,31.786863,15.071967,17.786022,73.285326,12.927445,30.963895,40.140807,36.947523
6.096565,26.182911,35.746930,68.684112,32.256065,52.380283,36.212161,24.698159,47.043523,68.631040,41.932774,5.605419,0.000000,59.759271,37.320832,41.425304,26.863547,46.097881,35.056753,35.785102,39.413971,36.394416,35.761967,14.313374,75.679874,32.112391,69.094022,64.046162,74.340610,35.168544,47.110109,30.841808,67.092473,10.719701,36.971601,67.898955,78.338312,45.312490,50.721812,34.551906,69.500673,43.420525,51.972925,24.698015,45.905042,30.065252,49.870654,45.805248,31.800194,31.531801,24.495400,45.020514,31.008269,57.695940,43.647382,72.721586,27.083751,31.896029,47.490768,50.205826,78.264758,66.276422,14.588547,60.404399,27.461547,61.750119,50.831430,45.254544,43.488783,35.419994,23.590852,50.442274,39.103364,56.731736,73.377738,49.934992,12.301432,86.209871,52.645321,66.289338,46.530647,69.929070,30.209339,69.029606,69.744214,50.769079,12.051355,91.235840,28.376774,29.957641,70.861732,44.683045,55.544500,34.736845,39.002571,60.042257,43.060181,18.784969,30.884744,71.038198,46.598328,55.798445,44.901261,71.983804,51.145091,66.391530,71.917802,6.625759,23.844271,46.809282,21.531727,19.049350,67.302044,7.270856,70.401371,23.428699,24.424561,42.149880,50.206378,11.787704,20.394524,11.199093,61.463528,75.075833,25.546964,51.661830,21.557824,48.931569,36.198671,66.262980,17.874938,82.300803,25.269629,21.966084,30.333272,12.768610,77.864531,44.965885,61.562684,52.125900,31.076980,42.744814,50.155574,36.084048,50.456776,20.590764,43.751000,69.597810,38.234910,39.270736,37.345715,61.805609,38.924296,40.908975,63.248675,65.762569,64.354947,63.701928,20.904691,53.743207,24.887367,31.035850,21.920815,58.836473,51.935632,78.043381,31.325254,48.688243,66.834155,77.709581,44.856399,25.493752,26.134938,64.932065,10.110642,47.325728,68.741513,43.514364,49.072138,18.901579,15.970367,19.980136,10.647276,23.286388,70.715121,15.909379,49.132412,68.193239,36.616572,62.823566,40.678994,56.285010,34.416942,14.827670,23.086726,78.771332,18.505968,33.670068,44.789484,33.670957
65.812762,50.177349,56.701869,36.819212,89.665251,29.335453,52.637771,81.357256,51.390377,57.267747,56.401284,54.889186,59.759271,0.000000,93.565945,92.271890,40.406049,40.073287,70.271521,95.002017,64.061950,76.473165,47.723135,73.331125,98.818257,43.974287,52.065123,79.470438,70.289308,94.776406,88.930538,82.275147,38.922151,61.647206,43.087227,89.607271,72.593248,85.105539,26.979166,58.888361,96.202597,49.990149,108.797437,56.911036,103.945112,82.563051,85.290865,39.975827,69.961608,91.264373,44.807451,14.797326,30.727995,99.096715,100.695760,79.451794,84.015767,29.861820,60.802557,106.924131,84.407980,13.623876,62.367471,52.403860,70.732769,36.005371,17.337732,85.205368,85.643515,31.067208,62.508592,35.246559,58.733794,108.031871,59.987443,50.633251,49.567406,98.648650,10.329766,90.117273,67.397735,81.636259,30.958814,46.995588,54.541532,82.233276,64.636309,100.689317,59.834451,86.073405,17.162278,70.769325,108.380546,55.608134,71.566055,1.995220,97.604568,45.349094,31.836425,29.051837,53.347307,73.342895,14.939916,20.030055,102.339944,100.182458,36.168688,64.505990,54.869179,94.933593,80.096127,70.284117,42.647961,64.317509,65.387812,50.029377,77.232946,64.855986,89.824374,70.307453,44.997360,65.529150,44.086862,88.954819,37.728958,96.598469,45.355762,101.092312,24.658920,12.835623,41.928066,81.166658,84.088818,81.175210,66.212840,49.219572,90.537020,16.320979,114.340382,46.908573,83.237643,52.246758,11.185713,23.769116,87.488337,80.346757,49.454109,52.682781,62.034395,33.546688,58.783699,31.076389,28.557778,46.799047,88.849882,17.559721,80.750337,78.071374,75.310785,81.666291,35.976521,29.425208,67.792939,37.151671,7.954469,67.828820,72.705614,64.208647,22.534746,93.052029,100.660862,52.592436,59.401827,30.857926,49.655286,82.078937,97.280313,21.159731,61.638535,41.121550,75.697971,69.203633,69.846611,58.547619,38.009139,66.375312,100.374686,34.668669,87.726833,104.011352,96.062261,96.143883,34.281600,52.277036,46.359992,27.711879,45.374741,66.083374,54.032248,70.444088
32.805217,62.110564,69.550990,91.339308,5.776663,77.586345,50.806451,35.453830,61.151636,81.348018,52.923469,40.406006,37.320832,93.565945,0.000000,12.657976,64.172425,66.884971,62.666802,12.278541,70.723841,28.544440,71.837983,23.446824,62.443392,54.150888,84.674180,61.117518,80.874418,15.895578,27.762363,13.772056,88.630157,43.210751,57.902203,58.419523,84.683995,29.762155,77.093418,67.569981,55.229659,58.685799,15.232982,58.513268,11.654380,12.522078,36.243805,66.684317,59.036548,18.070089,61.565949,79.494439,62.880441,33.399008,7.303457,72.783851,10.237248,63.763400,55.194782,13.363762,76.958316,97.056354,31.251539,74.502103,27.020407,84.044412,80.928044,29.553899,26.349189,64.222293,33.778949,73.179430,48.565260,21.715289,85.641098,64.445829,49.620185,78.320174,84.840855,55.650119,49.025664,67.450398,62.607137,87.128855,84.154236,40.712032,29.052147,84.300242,60.876211,7.567555,101.293029,44.022767,19.332986,47.382208,66.580440,93.415678,6.852897,56.098883,61.932894,97.164268,59.461550,55.193247,78.756064,101.620654,17.296286,46.754322,95.348057,36.548967,41.222232,18.975127,16.470655,23.442480,87.192162,37.477678,78.839124,59.602923,16.683765,46.476478,31.614191,33.192905,57.673331,39.943103,80.010719,69.234608,62.707916,25.724339,48.626446,14.434984,68.913203,97.288562,52.943876,84.660254,28.830896,27.449407,34.306116,50.087789,72.053415,77.504840,24.989926,68.788484,12.404650,56.587504,85.315873,70.120358,34.689359,22.231874,59.325693,84.952196,45.063197,65.090636,70.510720,86.157825,76.038210,58.572480,52.304769,95.232693,60.545133,61.725280,18.257148,45.348224,57.673080,66.960148,49.276685,80.483364,86.232614,87.123347,56.509325,53.936629,94.755904,69.965528,7.536169,60.797131,58.831111,89.591858,46.359450,36.114378,53.120804,74.146889,56.262655,55.138352,26.114013,45.781641,31.896786,37.563582,93.169444,27.229315,15.784211,91.679781,12.022354,36.985534,3.857023,34.298756,71.723121,51.402828,48.190558,107.134147,48.197792,37.226098,57.269747,60.925877
38.396469,67.491404,76.207358,85.175647,16.748651,72.858346,44.668216,45.823243,53.835878,72.581327,45.437048,42.974863,41.425304,92.271890,12.657976,0.000000,67.710717,61.224571,71.304749,24.893343,78.412184,19.465311,77.147931,29.683056,49.835936,50.027098,76.560685,49.705502,70.655920,28.441642,15.351447,10.760779,82.181636,49.499843,53.010935,46.143128,74.322393,17.912769,72.827380,74.546490,42.623277,51.919197,21.254804,64.980903,21.890792,11.360053,24.204520,61.067663,67.658866,30.151686,65.806809,79.024443,61.740583,21.006210,16.882476,61.532412,17.634441,62.564114,46.555407,19.639834,65.383523,93.992630,31.082383,66.384622,21.807405,78.013563,78.047592,17.694040,14.566209,61.657071,29.905050,67.795023,41.134803,15.966537,76.615474,57.009561,53.222009,65.932158,82.850682,43.305887,39.558153,55.915392,61.735923,79.656334,75.737739,29.026007,30.585252,71.942254,67.928667,14.519451,97.956496,34.250544,16.154729,41.103120,75.330934,91.853905,9.096773,59.731678,60.481856,92.083929,51.915884,44.508022,77.913850,97.901567,10.200371,34.134659,89.330276,42.601408,37.670154,6.684763,24.295187,23.466045,80.264247,43.659691,69.108694,64.787609,17.065448,37.798329,19.104787,40.697219,61.471684,46.917493,72.941698,57.176633,65.373448,13.351755,46.980889,8.862059,67.840339,94.340890,54.160466,73.533338,39.627265,37.556511,27.916975,53.682543,59.951294,75.958052,22.068856,61.711686,10.354957,49.582540,85.174878,69.724706,22.397642,31.648781,52.597571,76.766450,37.321013,61.308730,77.468564,80.764641,78.298156,52.558811,39.999079,91.599690,49.002233,50.460852,20.527987,33.679713,57.337419,68.008784,57.429137,74.380370,85.445918,77.292601,65.544440,44.747041,90.463793,57.682583,13.472342,66.564783,65.758900,84.190482,48.835906,24.570848,40.479059,71.802653,47.396100,56.992672,34.380194,54.080771,39.004656,33.910413,86.881071,27.471344,8.177436,85.792041,4.873811,25.018508,10.548386,21.680152,74.718715,56.226204,45.918237,102.723324,47.571053,29.901721,49.798449,69.605348
31.705746,10.230000,19.932059,62.955167,59.015490,46.982872,46.876056,42.669087,54.198256,72.148171,53.099278,24.767081,26.863547,40.406049,64.172425,67.710717,0.000000,47.458509,30.788543,61.578608,27.155090,58.900316,13.536832,40.919663,94.321388,38.121283,70.119426,78.829917,81.709335,60.305672,71.014438,56.967128,62.787665,23.620508,41.688980,85.543050,85.326460,68.400100,44.302079,21.107199,89.160703,50.782294,78.678113,16.629708,72.321511,56.424825,71.627272,47.166815,29.929022,56.266776,4.405131,26.659356,24.078055,81.917555,70.371410,84.576225,53.935985,24.421455,59.229940,76.941224,90.293401,50.936899,37.575486,64.267798,50.364456,57.597329,39.161288,68.396024,67.310931,31.234095,43.630613,48.419035,52.311849,83.323206,76.541058,55.927104,14.603332,101.261109,37.169716,84.662604,61.719504,83.648426,22.750044,67.786605,71.675354,71.043622,37.177855,105.357321,20.012680,56.819968,55.488677,62.021740,82.312472,47.492393,32.870247,41.412028,69.899324,8.079645,25.575857,61.091900,54.877378,70.675669,27.940040,57.556850,77.658993,88.457934,64.885873,28.714202,39.093369,72.591081,48.145036,44.421440,64.622900,28.086745,76.954441,9.635669,50.661632,57.516627,73.516054,33.886348,6.538837,27.714960,61.142207,90.059939,4.999403,76.728706,29.406879,75.567941,24.702497,50.572255,16.682802,91.565205,46.716871,44.468082,50.139752,14.135472,92.539965,30.645523,88.354540,55.673957,57.388945,51.491845,29.308281,21.643024,72.854932,45.550451,50.741252,70.739978,53.415268,37.436548,22.284436,55.369325,13.481102,47.100878,82.117430,52.312696,79.572927,78.008674,47.407483,72.829167,20.807139,13.431493,27.564073,55.954718,32.673136,83.063442,32.435549,61.693186,55.269379,93.443196,71.708573,12.481078,19.227470,57.594863,19.078507,68.635347,89.043225,33.038833,60.731535,12.925773,40.642339,29.345589,34.189830,41.079274,64.894017,40.583180,75.627855,61.644368,62.843212,87.150962,67.541800,79.962426,7.931341,13.768604,31.885533,65.270900,26.011605,52.333975,53.921124,30.665985
51.216361,56.207089,67.136189,24.504099,64.941687,12.529426,16.570323,70.649422,11.346908,24.717725,17.691845,40.674763,46.097881,40.073287,66.884971,61.224571,47.458509,0.000000,74.814126,72.889075,73.963322,42.445149,60.783502,54.185273,58.747772,14.226557,23.499651,39.449629,34.822952,74.155545,53.491037,53.410962,22.043644,54.450553,9.511572,49.548855,38.205321,49.338403,13.732508,67.838911,56.338191,10.622546,81.155359,60.341262,78.468519,54.417849,47.886429,0.305066,72.612788,71.942334,50.053823,33.791411,23.512274,62.432363,74.111022,40.745875,59.636651,23.329375,21.017609,79.315151,46.148476,35.895031,38.716238,16.834074,40.095921,17.190932,22.741789,49.488954,50.820721,16.462628,33.206412,6.657553,21.193905,75.542989,29.205139,10.754805,44.026033,59.537015,29.867042,50.147390,28.273487,42.045336,24.812008,22.931741,24.641797,43.979265,42.771194,62.299064,64.637491,60.415584,38.967301,32.503265,76.958924,20.138863,77.923195,38.734620,68.711341,45.303992,21.903379,30.904438,13.388467,33.332502,31.393711,38.158628,70.309539,61.242396,28.465445,52.706930,26.356975,61.839185,58.709865,44.814413,21.461885,53.236300,29.898558,54.122111,50.615982,26.686525,53.381916,57.639601,46.523084,56.670921,15.374482,49.308535,42.460020,61.659572,24.570894,69.869547,25.283237,36.517116,34.036781,45.265504,70.013367,66.416672,33.331633,44.045870,51.118935,26.978490,82.401131,8.452147,54.696703,13.133662,39.376727,29.300504,50.374607,62.703631,9.976501,24.066071,25.050161,10.211086,69.465176,19.541016,46.344016,8.730619,49.062567,32.319204,40.705128,38.085418,50.510481,42.611898,27.119411,35.649406,65.127823,13.704362,36.761592,35.611164,73.646383,24.438627,30.033514,53.332846,72.640006,57.663700,62.949188,22.965985,39.449104,44.848271,57.582805,20.906798,21.697716,36.906613,59.500558,64.439248,56.121533,29.675516,26.388745,42.136416,68.582728,24.797065,57.577351,66.906277,68.153671,59.166441,48.016607,49.735017,23.067285,41.914988,27.974460,31.509821,14.408153,74.038358
34.626309,20.559409,14.960306,93.046145,56.896038,76.679636,69.253888,28.565069,78.968980,99.234899,75.389652,38.185445,35.056753,70.271521,62.666802,71.304749,30.788543,74.814126,0.000000,54.560653,10.286428,70.877405,23.586048,41.901045,110.651073,62.681869,98.242141,98.863691,106.957358,51.699073,80.412705,62.049749,92.535843,24.361593,67.173147,102.953378,110.838723,79.253440,74.182744,12.213569,104.342508,75.310627,73.765493,14.730623,66.210623,60.710558,84.343028,74.509585,3.648984,47.569768,26.726739,57.268813,52.941579,90.355141,66.444399,106.952689,53.914223,53.511131,81.303772,72.457104,112.592601,81.551677,49.600196,91.028988,62.071895,87.211245,69.840187,79.164717,76.986949,59.804197,58.633129,77.126647,73.167825,84.335856,103.865088,81.388075,31.080490,121.163879,67.915083,101.314398,81.251323,104.592012,51.642670,96.702973,99.455239,85.639087,46.532703,126.082353,10.800835,57.165142,86.047824,79.688855,81.942849,68.503561,4.066877,71.493200,69.475038,29.786320,54.017844,91.801033,79.027305,90.565512,58.682022,88.223069,79.480698,100.450840,95.254706,30.430388,57.909360,77.635119,47.113503,52.630752,93.944404,29.335270,102.589597,21.651713,56.031877,76.840642,83.865216,30.732781,28.897036,25.310064,89.598220,109.983143,34.959951,83.499210,51.956390,76.772128,54.932147,81.140260,40.780159,115.780294,35.289042,35.549418,65.389932,30.983371,112.741124,61.416016,87.335813,82.349788,61.764107,75.245457,59.093392,52.241163,84.641403,40.438727,75.475257,98.827285,72.811236,65.569247,13.791481,85.496998,41.771604,72.110698,98.240924,83.082677,99.240966,98.432410,52.219207,88.754300,47.976147,44.060603,14.013498,85.161098,62.867128,109.596247,6.595821,82.918860,86.045845,112.707704,69.399452,18.368769,12.029466,87.931939,36.484187,81.990490,103.441277,63.426645,82.894825,38.034228,36.986197,17.237191,32.576543,58.017166,95.030230,50.322154,77.682492,91.887000,67.050307,95.217365,66.521854,89.494564,35.990767,25.214341,54.235231,95.980986,48.101424,68.704380,77.529900,1.749731
