Traveling Salesman Problem Specification

Visit 200 cities. Distance table:

0.000000,14.055959,85.268073,66.923145,85.776472,86.480043,25.393163,18.099304,48.981315,24.403107,53.826053,67.383554,113.260742,28.632591,46.211061,85.354464,89.215551,18.836227,93.354463,51.078900,39.372447,11.169690,111.305434,72.478082,67.078753,68.625502,44.676018,86.255380,64.492833,50.866746,18.974903,67.139473,102.350391,21.800551,90.212684,45.755522,64.357319,19.717841,80.832616,73.508028,86.665445,24.345246,89.826845,62.454395,84.056235,94.625813,11.720797,89.109140,28.108926,87.279431,82.062623,64.305164,24.352058,69.709284,56.169287,86.368162,42.452543,73.836127,63.272244,75.612696,74.055290,57.202378,51.095961,77.624416,113.670777,96.328948,52.026478,9.415645,72.770565,60.887459,73.180081,8.847852,88.873177,46.019521,76.842634,24.876263,62.170293,68.640367,74.857701,59.800283,43.560055,85.767547,19.568186,49.451343,69.881203,79.675204,27.607833,96.540536,80.168357,93.926931,51.567806,79.547731,8.482755,72.821676,111.392059,110.379942,27.744765,67.550315,65.214614,57.560315,86.384501,35.490173,76.322532,62.314414,81.982997,40.105790,76.405458,72.258533,71.466939,57.016746,75.349492,71.839696,79.372517,72.212624,68.723563,82.745639,23.728727,46.780290,30.480803,59.768116,67.394090,39.596575,19.288472,64.861039,28.010679,65.196811,62.350811,107.338253,90.620496,74.209678,53.753854,40.170198,82.127918,74.685095,51.003425,54.450300,93.572669,97.175442,22.597561,61.488574,68.241573,85.176126,74.703639,52.900542,69.407212,92.910528,81.046024,11.003606,92.337021,79.893425,16.344323,89.239512,53.070454,72.254791,36.928233,48.707226,72.739537,90.519700,17.154203,92.021482,53.613688,69.257567,78.711636,46.855412,34.388287,61.409443,117.767202,38.653031,42.571260,32.375183,49.106345,68.649622,75.966471,119.062044,72.385810,55.860643,71.549285,110.655258,62.155610,76.891271,72.596582,106.392954,76.686235,76.776410,83.697082,72.666392,45.179291,47.705316,90.881757,29.754297,83.938255,87.371240,73.834161,10.000424,42.154927,80.796133,16.767237,87.585044,48.192474,61.776792
14.055959,0.000000,71.212814,53.781501,76.217462,77.689792,15.778997,14.990586,35.976319,22.675953,40.631449,61.394117,99.387911,24.070009,35.189605,72.785359,78.466220,7.721042,80.445827,37.577329,25.491209,3.031356,97.258464,61.132681,54.792147,54.581438,35.115707,72.199501,52.303846,36.970466,22.931203,53.089177,88.368388,17.957562,77.592981,32.654686,56.670440,16.221957,67.018112,59.711731,77.098268,14.814258,75.793763,49.548236,70.007536,83.920359,2.496445,75.143356,15.391254,73.707585,70.104444,55.198013,10.693095,61.207398,49.622921,73.648605,36.989878,62.123135,52.382858,64.512747,62.763875,43.167357,37.137969,66.142296,99.724148,86.154364,39.357284,11.357883,62.120522,49.575090,60.077979,10.633543,75.677253,34.690036,64.753747,17.810510,49.369364,59.626170,61.846346,45.994657,36.959179,75.749849,5.771204,38.326792,60.947046,66.130563,22.954935,82.534316,66.202468,80.280612,37.531021,68.721547,8.329041,65.420111,97.620594,96.327340,13.929303,58.385100,51.595757,46.782761,73.388225,27.625946,63.261716,49.714135,68.486455,28.328433,62.866104,63.982564,64.106872,44.003303,61.700053,64.235028,68.313585,62.436219,54.690694,68.832074,33.131022,35.299924,25.095887,47.066291,54.147705,35.459499,14.970989,50.820674,16.411191,51.457872,55.420073,93.310040,78.930387,60.554199,42.816284,29.652340,68.373123,66.933379,39.841757,45.121494,80.884157,87.897835,8.597501,48.335163,55.981967,72.053526,60.736200,40.662384,59.296011,83.430363,68.148893,22.679640,80.961425,66.009139,27.634398,75.400565,39.435277,60.417681,24.106742,35.501842,59.755511,76.901537,6.583921,77.994912,40.464081,61.054241,64.655774,40.534646,29.939293,48.428913,103.758009,33.023266,29.036087,25.198103,35.120162,59.625735,62.140725,105.137410,61.697031,48.961807,62.511142,96.603153,48.165198,65.827580,58.724375,92.537402,62.747414,63.489045,71.419750,58.860574,35.716768,37.249138,77.241484,24.703569,70.664829,74.868726,62.002691,5.216370,34.482279,67.486766,14.087451,73.615588,40.669192,51.721137
85.268073,71.212814,0.000000,29.923760,62.804473,68.540195,65.527478,76.147756,41.765545,78.797969,37.202679,77.614434,32.117921,73.457286,52.217994,36.810433,54.899279,68.169372,35.087871,37.935149,46.398219,74.142714,26.365307,45.484669,39.169496,16.775622,59.038114,1.438828,40.503647,35.572695,86.072417,18.169573,18.884620,75.156015,37.708184,43.734223,68.182817,75.325228,15.406020,18.607406,63.134925,66.181029,5.927222,35.189541,3.473717,57.807278,73.571452,9.118584,59.099596,21.647467,42.782109,60.627788,61.282841,65.271795,70.383866,35.183189,72.787033,43.839846,49.923115,49.202648,47.413439,28.192793,34.701468,46.350441,30.989375,63.173967,42.264580,80.108412,50.844029,47.433248,28.267206,79.824104,27.474278,51.054535,40.611803,69.917725,36.216794,62.016533,30.431929,27.803156,68.491547,59.374480,65.811899,51.335433,62.796444,21.694860,73.291084,13.755574,9.276797,22.493923,33.887697,52.307103,78.238585,72.520835,32.437255,25.274872,57.922712,59.663925,25.548690,50.120277,31.395934,66.033630,29.635378,36.798373,22.513100,53.103493,21.036407,66.095312,72.222799,36.319281,19.413708,71.024395,48.930080,56.804165,16.854101,11.933457,99.228834,50.081321,71.743864,38.053402,29.651755,75.509276,74.632988,20.550282,60.930948,24.116337,71.327121,23.000812,46.774807,19.782434,50.077099,57.151394,16.843764,71.289719,49.801399,58.818962,36.632809,70.652069,62.733525,33.467822,39.215139,27.705333,13.749901,43.466730,55.358912,66.803217,30.371441,92.551061,50.605035,13.577885,96.601983,13.867219,35.420041,41.364955,52.035882,41.486553,31.094661,20.084257,69.671753,9.087577,37.640087,66.828436,6.635861,69.691732,74.598770,35.028971,33.614032,71.192279,44.613921,67.649294,36.486859,60.721932,16.720047,36.524265,50.504668,69.830396,62.617032,25.417418,23.763255,49.741991,17.554528,26.414746,12.222041,25.013550,38.294884,17.845403,59.293331,53.999260,21.262925,72.987646,25.102249,38.195352,41.446561,75.728753,65.062948,25.795279,76.633659,9.850883,66.309715,53.890046
66.923145,53.781501,29.923760,0.000000,37.916857,42.855478,42.945306,63.806419,17.946455,69.018083,13.150111,84.309142,61.831032,47.952100,24.777865,58.295653,33.460655,53.872929,60.261108,36.190296,29.335866,56.788363,53.926627,18.126572,50.763727,19.436342,57.995038,31.360326,50.469573,30.675918,62.367460,19.911233,40.121493,64.288825,61.082394,21.179803,75.292605,52.221443,38.441175,35.099860,38.506495,43.855331,31.036240,43.562332,31.402327,38.197917,55.658454,27.891969,38.815162,47.205232,61.643096,68.782767,43.101565,75.004444,40.522684,57.449565,70.441096,58.644257,58.722113,64.041703,61.809052,19.600300,20.480462,62.571470,60.299005,42.599221,43.573088,64.651022,23.131585,55.098187,6.301193,64.083197,21.950033,24.005545,57.382697,59.874727,44.476046,71.825772,47.482520,12.259489,39.954153,35.187050,48.018373,52.442256,72.999758,42.945461,48.086012,43.624210,20.861448,50.615617,26.414376,68.337632,58.744859,82.200249,62.356763,52.469062,43.715871,30.354374,6.920835,20.292992,54.445629,60.746259,47.678212,7.064511,45.054319,48.313447,10.976073,37.264199,81.441317,9.947232,11.280636,80.602916,24.163693,28.507093,18.493388,36.992935,75.447913,22.999295,45.919467,44.693156,41.464565,47.481146,62.636915,18.611231,39.231618,9.056560,77.154804,51.659458,29.254777,10.517529,20.780334,53.385044,40.528175,81.906250,21.225528,62.659987,27.541614,48.273788,46.675617,40.779087,51.501927,18.276570,30.794184,15.765021,66.477033,43.730251,14.586726,71.560590,32.492122,36.136613,74.616085,25.573499,34.369691,14.316124,43.991985,39.293529,46.740965,24.684317,54.922205,39.011259,13.328476,76.122828,26.388606,40.623626,68.874091,42.545699,61.879726,43.470156,24.919250,41.817459,22.460133,31.544300,35.557475,65.711161,22.694134,73.261294,73.535798,50.798931,16.060726,65.067059,32.872258,56.331597,17.707332,9.983501,19.878082,12.141850,58.523620,25.723892,48.514420,65.379929,17.061938,60.283857,15.223461,58.946801,36.972202,47.062101,63.781346,38.344077,66.838813,24.029703
85.776472,76.217462,62.804473,37.916857,0.000000,5.980238,60.911146,89.921530,46.052448,96.740584,44.382522,120.281825,91.084412,58.306510,41.374930,95.696612,10.488344,79.692535,96.649362,72.417264,58.883307,78.716525,79.798201,19.974026,88.576912,57.009684,92.281531,64.142003,88.141997,66.702662,73.048968,57.682043,63.434558,91.656943,98.089108,48.840389,111.665637,66.504492,74.832870,72.566051,0.889010,61.957799,61.044830,81.249401,65.402753,12.995220,77.117529,56.512066,61.586827,83.162688,99.443397,105.632206,67.187674,112.059926,33.015335,94.674283,103.107253,96.549581,96.005026,101.925644,99.684672,56.666373,55.189414,100.488309,88.444981,11.540715,79.930924,87.451287,15.889178,92.288561,35.861594,86.649329,38.043378,42.177156,95.278993,88.498027,82.122830,108.968104,85.273597,49.407266,43.502945,3.679490,71.304201,88.023407,110.197471,80.003530,59.125482,74.893880,53.891598,85.227782,62.362455,106.246514,77.456482,119.090932,92.967764,78.096875,71.677683,18.275331,44.837273,30.033983,91.420651,92.562521,85.381633,34.872855,81.898159,81.818418,42.285281,15.605633,118.232561,41.105673,44.388837,117.502104,14.113007,13.795065,56.027329,72.661899,83.589493,41.817919,56.150819,82.118888,79.379173,50.118552,89.229809,56.519459,59.868852,46.970291,113.063482,79.446428,19.695467,44.503175,34.009136,86.816665,76.858217,119.019812,37.122473,98.523261,32.138379,11.793522,72.195132,78.446613,89.350333,36.091994,67.814370,39.136600,103.965389,7.215718,32.504658,85.646552,17.243591,72.488824,86.471193,51.782516,70.999687,23.600902,76.355461,75.005621,84.611151,46.470031,80.099882,71.151090,44.140261,113.052772,61.699209,41.007002,99.624944,80.172938,87.785017,48.843043,53.794271,53.543659,56.582909,17.294325,72.683818,93.114747,16.383738,108.459847,110.860900,74.653162,53.881684,102.965324,70.354887,87.175661,52.151709,38.088740,24.995246,47.832923,92.888012,39.021227,83.684106,95.179247,38.281770,97.593666,22.783470,81.161304,43.920123,84.261168,89.417316,72.507063,101.180947,24.543203
86.480043,77.689792,68.540195,42.855478,5.980238,0.000000,62.113943,91.778665,49.410163,98.803189,48.230565,124.043853,97.037454,58.428342,43.511939,100.947766,16.222295,81.656583,102.141254,76.490987,61.927057,80.054425,85.777862,24.734856,93.236997,62.146033,95.715793,69.890664,92.691345,70.777591,72.727837,62.737162,69.414796,93.713991,103.456901,51.991289,115.586095,66.940315,80.282358,77.769532,5.980451,63.143308,66.906795,85.825581,71.075752,17.757236,78.412305,62.395630,63.503850,88.697055,104.495349,109.742934,69.141020,116.237352,31.880713,99.980486,106.096176,101.335101,100.324436,106.658928,104.406148,61.118716,59.164803,105.340522,94.412996,14.750172,83.987449,88.777475,20.042540,96.578353,41.257243,87.949177,44.015522,44.470066,100.217308,90.821720,86.670994,113.190626,90.330638,53.970477,43.383058,9.655697,73.025206,91.810891,114.442096,85.334550,59.320842,80.758741,59.554986,90.915963,66.468059,111.035949,78.301523,123.183490,98.889971,84.076728,74.154166,19.332461,49.749074,32.660708,96.788326,95.455329,90.495059,39.205879,87.280517,85.167286,47.870241,14.419408,122.287422,45.145593,49.916346,121.601729,19.647156,16.343656,61.173707,78.205323,82.629859,44.233880,56.349438,86.548797,84.217304,49.399730,91.180223,61.452679,61.520354,51.900960,116.828538,85.411080,25.562985,49.973510,36.506424,90.101641,82.322773,123.207575,39.602107,102.332949,38.062196,11.188382,74.256970,83.018196,94.047348,42.017926,73.127636,42.415324,108.369102,8.203860,38.322513,85.585757,22.901038,77.938023,86.041086,57.700560,75.198210,28.607766,79.537438,78.923358,89.593247,52.431855,81.948562,76.964592,47.949634,117.175465,67.236340,40.545232,102.238846,84.714959,93.765212,48.653439,56.903903,54.105533,60.425716,18.065169,77.984395,99.091955,20.523659,112.035611,115.164848,80.630947,58.648850,107.726892,75.549340,93.082291,57.696588,43.700967,30.923725,53.215160,96.336518,40.898210,89.314533,97.647831,44.168144,102.876707,27.962261,82.498552,44.335748,89.562576,91.197736,78.196918,104.571080,26.722880
25.393163,15.778997,65.527478,42.945306,60.911146,62.113943,0.000000,30.554463,25.284664,38.090934,30.318726,73.245726,96.061074,11.344049,20.830163,75.124593,63.882728,21.314028,81.618076,38.770358,20.140557,17.961374,91.882230,47.091002,58.556905,48.866851,44.846133,66.714658,56.431506,35.866702,20.552979,47.656419,80.895185,33.149153,79.659284,22.460777,67.181800,9.798128,64.792820,57.871893,61.797320,1.055159,69.237160,51.953022,65.059580,69.308120,16.303243,67.693431,7.743383,72.619569,73.984599,64.224408,10.739390,70.703686,33.960797,75.554497,50.154776,66.809669,59.031595,70.262913,68.237083,37.791094,31.055960,71.130236,95.780164,71.184352,43.222757,26.668145,47.438642,55.648085,49.031852,25.835899,64.719235,20.705600,68.534285,31.714409,52.097309,68.585998,63.298441,38.113974,21.433555,60.672248,12.212040,45.548158,69.953917,65.405872,10.491775,78.187745,58.929960,78.661607,34.554288,74.793650,16.911778,75.925924,94.988651,90.736884,18.848012,42.877527,42.508858,32.181438,74.483366,39.775683,64.496901,37.630798,67.898088,35.527690,53.185988,48.270498,74.690428,33.032011,52.506647,74.576848,53.986158,47.199467,48.693380,65.804402,33.703882,21.512498,11.255560,50.225827,55.156368,21.333090,30.293631,45.161481,4.791366,42.972547,66.676926,88.430606,65.263514,51.411787,28.360879,38.720714,66.481359,77.049466,25.626255,54.394393,68.728788,72.497063,15.424442,50.016095,59.750493,60.930331,57.453022,28.014288,66.824732,68.103292,56.509330,28.622715,66.944915,63.310867,31.788763,66.968805,39.796701,46.970606,29.667266,38.105334,61.383413,67.341060,21.060234,73.411951,30.014525,70.881950,59.370402,25.031796,44.060904,50.674943,99.050575,18.087358,20.919136,9.906390,29.560170,44.075777,60.008701,101.322591,47.045046,60.497776,71.337317,90.280617,41.768124,71.593313,56.388137,89.440305,55.298170,52.927607,58.580396,50.545730,45.510636,22.350840,75.726756,38.902410,59.974648,77.318840,48.543298,20.400042,18.737914,67.693086,29.760169,69.918114,52.084660,36.603038
18.099304,14.990586,76.147756,63.806419,89.921530,91.778665,30.554463,0.000000,46.912861,7.726639,50.963412,49.395116,101.309815,38.937606,48.554560,70.153682,91.317757,10.308429,78.646592,38.996731,34.472460,13.789133,101.143655,73.645247,51.764265,60.371732,27.427378,76.916624,49.099993,40.575376,34.883020,58.738335,94.393189,3.729554,75.033061,43.567977,46.279652,30.636770,69.003882,61.750465,90.791171,29.642633,81.342274,48.331103,74.331285,96.762088,15.445567,81.510817,28.336003,74.325736,66.067567,46.525460,22.739734,51.734261,64.507007,71.403084,24.439458,57.674497,46.506707,58.844249,57.471732,49.574305,44.740677,61.174465,102.217325,99.390933,37.849403,8.683845,75.229857,44.549274,70.043482,9.309169,85.144998,47.823026,61.078767,7.609506,47.846705,50.801817,60.640144,54.136028,51.895881,89.173423,18.796507,33.267639,52.012064,66.763479,37.817301,85.855844,72.736536,81.143292,42.644849,62.527259,19.546725,54.723009,98.930494,100.432414,20.095395,72.448669,60.331535,60.041687,71.939660,17.736115,62.182342,60.882343,68.871353,25.279063,71.589959,78.366794,53.368018,54.598502,70.057512,53.747767,81.000324,76.135278,60.713470,71.467982,41.774675,48.278823,40.054931,45.335852,53.901423,50.382703,1.623274,56.818707,30.295806,59.721331,44.254333,96.825229,90.845158,68.914715,56.038381,23.872644,69.983793,56.598986,52.958359,36.863098,91.339864,101.685319,17.880477,47.947253,52.862645,81.751079,64.024671,52.629053,52.030411,97.130733,78.392990,29.093154,93.201940,68.480321,34.418308,82.632391,41.357823,72.410167,24.300610,35.899508,58.508816,85.094754,9.832103,81.683302,50.904107,51.230132,69.519442,55.480956,16.508351,47.476321,106.881559,48.013808,39.106875,40.156583,42.589248,73.742654,64.301926,107.395150,74.781491,37.761693,53.702328,101.381881,54.966756,60.078825,61.279258,94.410898,69.580685,72.936843,82.663485,66.602617,27.857118,50.947505,78.118406,11.677421,80.016478,72.041314,73.975421,11.914628,49.288636,67.167243,1.335001,76.658255,30.148684,65.386871
48.981315,35.976319,41.765545,17.946455,46.052448,49.410163,25.284664,46.912861,0.000000,52.765535,5.035966,74.745074,73.449169,31.804869,11.633307,60.019455,45.331146,36.728507,64.479159,28.256068,13.119253,38.961556,67.811479,27.527263,47.397160,25.960668,46.310354,43.070970,46.179484,22.785743,45.302846,25.174591,55.894551,47.835120,63.847946,3.363138,66.505281,34.833574,44.511331,38.679530,46.847111,26.142402,44.792810,39.792453,41.923465,50.678968,37.781481,42.814843,20.878269,53.170795,61.238131,61.094774,25.352476,67.720504,33.842810,59.806568,57.138716,56.025378,52.477168,60.810741,58.551180,17.047118,11.666987,60.366504,72.666849,53.963172,35.498754,47.014734,30.275993,48.682703,24.199692,46.406510,39.894686,10.200845,56.153048,43.891129,40.413350,64.832415,48.024686,14.022109,27.945586,44.460222,30.240186,42.620465,66.141663,46.936765,31.720657,55.129182,34.280763,58.272953,18.916391,65.430117,40.801921,74.408335,73.020258,66.548647,27.107696,31.596384,17.355414,17.304936,57.701967,46.712225,48.782024,13.975280,49.399999,35.789283,27.906166,38.880929,73.433125,8.045095,27.242903,72.850925,34.959440,33.080160,25.509705,44.540229,58.499709,9.418852,30.018669,39.600490,40.310814,34.239813,45.880661,22.700035,21.350448,18.084699,67.542724,64.741207,43.995369,26.159426,14.215187,40.768796,46.474845,74.671168,11.831220,53.132021,44.925237,57.688117,29.300081,37.117060,48.421619,36.196357,36.510319,7.001516,60.732196,52.982832,32.175990,53.800395,46.513293,42.583644,57.071434,41.774716,27.564446,25.718672,30.316272,30.117756,46.589984,42.070990,37.623952,50.293718,4.733578,68.506225,36.189006,29.969302,54.162913,38.519814,75.327346,29.804533,8.036798,25.905392,12.046663,33.037231,40.232660,78.220782,29.787244,62.635853,67.054882,65.694593,18.870586,62.032118,36.715580,67.178464,30.633942,27.854058,35.782211,25.547363,46.928788,14.345620,55.599943,50.070511,34.990712,62.207000,27.251093,41.171897,24.155605,50.252670,46.745265,47.741607,55.180910,23.487162
24.403107,22.675953,78.797969,69.018083,96.740584,98.803189,38.090934,7.726639,52.765535,0.000000,56.493296,43.246810,102.180346,46.661957,55.387425,69.040335,97.691923,17.176395,77.841684,40.958439,39.908574,21.504786,103.011373,79.925464,50.870904,63.691013,25.097623,79.449836,48.199783,43.490801,42.163305,62.024986,97.386102,5.089505,73.878470,49.475288,41.200541,38.346994,70.305117,63.223472,97.602398,37.206079,84.228316,48.528704,76.707240,103.114833,23.169189,84.794707,35.307220,74.842401,64.270058,42.516941,29.667457,47.105576,72.048851,70.473910,18.594705,55.831511,44.183560,56.290083,55.161681,53.430773,49.259988,58.962316,103.371356,105.941840,38.389449,15.343944,81.790891,42.796264,75.159540,16.143006,89.894260,54.564585,59.581853,9.228616,47.901005,46.588388,60.476862,58.656288,59.489900,95.847073,26.116216,32.117221,47.703989,67.420885,45.541860,87.586411,76.206458,81.686358,46.153959,59.599920,27.052309,49.297393,99.508825,102.416656,25.658833,79.498390,65.007595,66.748359,71.422534,15.107713,62.049868,66.641319,69.361573,26.088822,76.110783,85.578730,47.937761,60.183862,74.424841,48.464546,87.329992,82.987021,64.135102,73.052493,48.057681,54.951670,47.762904,45.380193,54.418985,58.101709,7.797852,60.309549,37.518425,64.193457,38.724047,98.543013,96.752230,73.297723,62.753445,23.234367,71.078484,51.363716,59.649132,33.486607,96.527896,108.527075,24.559355,48.592126,51.885008,86.636721,66.068153,58.828481,48.719512,103.933111,83.565462,35.138175,99.261764,70.034177,40.337226,86.324206,43.442610,78.451110,26.921621,37.542573,58.376756,89.229064,17.091438,83.646607,56.480770,46.397375,72.232264,63.081606,10.441444,47.845319,108.319510,55.688299,44.794059,47.779459,47.120568,80.817283,65.781464,108.388646,81.332231,32.376860,49.433820,103.697102,58.867584,57.452391,63.019313,95.319267,73.236623,77.782449,88.284360,70.728396,25.368383,57.907715,78.710491,7.250840,84.751053,70.791434,79.997196,19.557367,56.793225,67.326292,8.814144,78.366203,25.578683,72.259442
53.826053,40.631449,37.202679,13.150111,44.382522,48.230565,30.318726,50.963412,5.035966,56.493296,0.000000,75.904975,69.086744,36.647796,15.212091,57.727214,42.604459,40.907896,61.609007,28.322826,16.586516,43.638414,63.075024,25.030173,46.365184,21.928160,48.068696,38.538853,45.408922,22.632240,50.312582,21.346837,50.921201,51.653764,61.325033,8.077330,67.362344,39.865302,41.023582,35.646003,45.131480,31.172208,39.997585,38.758760,37.564559,47.833279,42.514842,37.888061,25.722423,49.807489,59.516483,61.552087,29.953210,68.088190,36.137492,57.352553,59.594048,54.875075,52.393525,59.881950,57.610699,14.579265,10.976969,59.137705,68.174594,51.470492,35.790837,51.529133,28.494260,48.612910,19.447274,50.951753,35.073269,13.946689,54.610638,47.464488,39.480684,65.088676,45.906483,9.853985,31.683150,42.448868,34.868934,43.646650,66.362803,43.946498,36.606293,50.712197,29.451227,54.593859,18.395303,64.443146,45.709366,74.975911,68.828352,61.782751,30.943990,31.515323,12.378823,17.628171,55.007513,49.417018,46.527513,10.359641,46.359386,37.777137,22.880224,38.899796,74.066734,3.711648,22.209085,73.397996,32.348134,32.107019,21.370100,40.749680,63.503019,13.009711,34.802969,38.973913,38.524654,38.395917,49.854454,18.976063,26.341899,13.254652,68.686350,60.113885,40.426904,21.128643,15.463272,42.845675,43.040048,75.059983,13.901625,54.155310,40.472120,55.789259,33.615474,35.995618,47.318761,31.424622,32.957410,7.564445,60.563374,51.085373,27.600994,58.814638,43.179932,38.988605,62.106404,36.755776,27.204984,22.630678,32.729458,30.693859,44.635905,37.050302,41.900388,45.883726,0.468437,68.986384,31.870007,33.348502,57.189188,37.539333,70.669912,34.031261,11.879557,30.671920,12.209753,32.932840,36.979530,73.718588,27.999712,64.109988,67.161553,60.823775,15.125197,61.056143,33.578284,62.931324,25.814564,22.951047,31.791236,20.615025,48.657830,17.429153,52.018795,53.347030,30.112790,59.882437,24.079434,45.798734,28.062857,47.495328,50.875740,43.635656,56.991230,23.546693
67.383554,61.394117,77.614434,84.309142,120.281825,124.043853,73.245726,49.395116,74.745074,43.246810,75.904975,0.000000,87.600850,84.072318,82.903505,48.838042,117.600025,53.744836,57.453302,48.173693,63.046608,61.659514,93.971288,100.667862,38.464512,69.385533,29.115333,77.486858,37.165610,53.814685,83.762545,67.956199,95.506221,45.665633,52.328352,72.452087,9.459977,77.407367,63.317135,59.036750,121.023008,72.726466,83.493094,43.169783,74.357327,122.482332,62.969938,86.275970,67.118078,62.453196,41.446250,16.988315,62.562576,13.590674,104.334237,50.961369,24.955667,35.700910,27.720278,31.733740,32.545075,64.715535,65.127389,35.433287,90.249310,126.693599,40.737879,58.021588,104.396802,30.561243,88.931170,58.693830,99.498694,81.581664,40.016856,43.793332,42.118217,16.380062,48.164805,72.053221,93.291742,118.238000,61.766113,32.258717,16.099080,57.584394,83.037332,79.733167,80.151295,68.115343,58.161340,31.579637,68.232973,8.977744,83.602430,94.108467,54.733327,106.221779,77.909086,91.950683,54.006327,33.846934,49.388735,85.615545,58.094026,39.642988,86.171111,113.380127,8.071310,79.200828,83.854361,9.425185,107.729623,107.769019,70.280289,67.014886,91.111824,81.459395,84.422995,40.925609,48.086176,94.565189,48.413404,67.776196,70.394185,76.111753,7.218630,89.152088,113.316170,83.007232,88.489171,35.241849,62.759971,11.646400,85.614439,21.769362,108.241412,131.590492,57.898422,45.512649,38.510086,97.473736,64.219943,81.739795,23.171013,126.901612,96.571472,78.283484,116.718104,64.511588,83.534603,89.976096,49.941323,97.700670,45.734394,45.330744,46.979223,95.139963,54.818164,77.734300,76.158066,11.842855,72.662100,96.736288,33.001037,43.721040,96.293337,91.047836,67.737253,82.889428,63.699449,107.661559,60.919741,93.862239,103.902330,12.766351,17.096521,97.159092,68.892066,32.005458,60.341695,81.755068,78.779446,89.534184,103.666940,79.412162,28.448719,85.999424,65.961217,37.736739,94.884387,49.391520,98.946623,60.499874,89.701398,54.739536,50.727322,71.942073,21.162480,98.135193
113.260742,99.387911,32.117921,61.831032,91.084412,97.037454,96.061074,101.309815,73.449169,102.180346,69.086744,87.600850,0.000000,104.779003,84.216878,38.763205,81.812219,94.984991,30.457259,62.551465,76.170607,102.128069,13.368723,75.967422,53.124750,47.604031,78.681137,30.716158,55.565177,62.418060,116.539922,48.616094,28.645032,99.507376,35.591080,75.113733,79.166693,105.778180,32.471501,39.803279,91.241336,96.604202,31.142113,53.746113,31.532880,83.373108,101.854785,35.180449,89.088178,27.481047,46.198239,71.950583,90.351841,74.013827,102.353716,36.641073,91.486429,52.387393,63.137006,55.870875,55.214363,58.288046,65.036888,52.168019,3.927883,88.803984,63.803571,106.797235,81.244052,62.429265,59.334598,106.682709,53.100031,83.012234,47.921813,94.210688,54.456665,71.313703,42.555411,59.430455,100.561825,87.452658,94.450876,70.831155,71.503547,34.765982,104.521038,18.401081,40.970151,20.713835,62.229304,56.466887,107.065351,80.067781,4.577386,14.903260,85.523840,90.788454,57.660507,82.111222,33.779272,87.688675,40.998680,68.801092,32.924796,76.278468,52.025142,96.765364,80.325740,68.399336,50.853830,78.924647,78.057563,87.322267,47.972913,30.585605,129.518078,82.053442,103.184801,56.944772,47.770408,107.477264,99.701795,51.139744,91.326310,56.172817,83.086575,11.809923,72.656379,51.422730,82.183713,79.015317,31.344005,77.979019,81.911583,74.572623,60.448330,96.881537,90.794046,53.595541,52.432492,55.058675,38.831314,75.552211,64.717439,93.728851,59.186428,121.651227,76.214054,33.378784,126.096220,39.476079,60.366539,71.967631,77.257326,65.444421,44.498590,44.625191,96.614995,23.211688,69.535492,75.760910,37.260391,101.806511,95.606291,54.356580,9.732468,103.117301,75.293593,99.147493,66.505006,91.732691,37.312106,6.376151,80.966505,84.078808,70.560357,19.536737,54.799511,55.616055,40.667612,6.902266,44.251207,55.492576,66.128912,49.892307,78.690068,86.079823,23.575068,95.448428,53.082481,38.330840,71.753247,103.347674,97.081097,35.369353,102.060928,26.145815,83.583313,85.571401
28.632591,24.070009,73.457286,47.952100,58.306510,58.428342,11.344049,38.937606,31.804869,46.661957,36.647796,84.072318,104.779003,0.000000,23.375745,85.886452,63.054880,30.978937,92.062437,49.675567,30.228957,25.241061,99.603041,47.846515,69.662750,57.194314,55.984195,74.730146,67.594660,46.348572,15.318285,56.164965,87.477224,42.024255,90.335375,29.735907,78.287362,8.984716,74.317190,67.643614,59.190693,11.595078,76.597353,62.898856,73.385094,68.302953,23.539392,74.523579,18.881813,82.454883,85.034148,75.504459,21.936501,81.952390,27.552753,86.217947,60.436233,77.993589,70.368629,81.538436,79.494733,46.701962,39.996781,82.333900,104.208420,69.328483,54.438842,33.137629,46.911364,66.970109,53.553835,32.234485,68.816468,23.978630,79.591938,41.500381,63.095417,79.877921,73.948734,45.656574,15.088702,58.753026,22.347199,56.885568,81.244265,75.441621,1.121209,86.607890,66.076643,88.246241,44.542027,86.084552,21.174539,87.051706,104.023701,98.350102,30.098658,40.063328,48.999879,32.757292,84.956120,50.350832,75.085728,41.664001,77.948269,46.840146,58.772438,44.056783,85.800824,38.551274,58.504435,85.725971,53.948855,45.221151,56.878373,74.996606,27.797857,24.975907,2.244297,61.304379,65.787766,11.483198,39.027123,53.641052,15.572343,49.872611,77.635214,96.457249,66.045366,57.487477,29.629370,49.902208,76.105929,88.235612,27.707598,65.628944,71.453631,69.356721,26.209255,60.850282,70.850254,64.966339,66.685475,32.202897,78.168610,65.287399,60.146318,27.358440,67.114901,72.675248,28.671829,73.136804,50.521504,48.700130,41.008381,49.231722,72.090162,72.627644,30.328385,81.781566,36.255516,82.094198,67.640199,18.256550,53.819056,61.605841,107.063218,10.026819,29.729418,6.145044,38.830988,41.013475,69.641172,109.767277,46.600902,71.369541,82.641790,97.470676,49.996189,82.867475,66.008447,98.320184,62.432142,57.757948,60.729716,57.256186,56.643668,23.385212,85.379334,48.586524,64.457520,88.092040,50.184740,27.418754,14.480898,77.982978,37.920885,78.758790,62.949411,35.520363
46.211061,35.189605,52.217994,24.777865,41.374930,43.511939,20.830163,48.554560,11.633307,55.387425,15.212091,82.903505,84.216878,23.375745,0.000000,71.560600,43.303913,38.317624,76.112066,38.555429,19.903705,37.864818,77.752877,26.267683,58.327712,37.127913,53.881047,53.580397,56.920258,33.438007,38.274793,36.489407,64.738579,50.300179,75.442574,11.845934,75.209382,28.839362,56.028471,50.300920,42.242082,21.872318,54.623885,50.783672,52.724056,48.753912,36.360098,52.085013,20.232445,64.736264,72.541963,70.406475,25.815988,77.088666,22.711782,71.389495,63.090755,66.991448,62.516286,71.584117,69.345447,28.680417,23.053051,71.369299,83.206418,50.993086,45.390917,46.534393,26.931354,58.748369,30.206903,45.778282,45.451367,1.491780,67.372675,47.309811,51.328670,74.365217,59.529668,25.050920,16.479310,40.660483,30.036774,51.437896,75.707228,58.565373,23.626621,65.823352,44.067774,69.710277,29.945244,76.229469,37.728505,83.457465,84.025845,76.396181,30.701351,24.344990,26.829382,11.593925,69.325023,52.357975,60.327249,18.301348,61.025147,43.280452,35.717415,30.990384,82.397528,16.007436,35.682447,81.940023,33.249612,27.603006,36.581286,55.903417,51.120883,2.232633,21.267828,50.291391,51.713587,23.294279,47.855030,34.068848,18.788735,28.106678,75.797772,74.994611,44.437576,34.733948,7.634348,47.916298,58.013015,83.959947,4.796888,61.757564,48.475323,53.151312,30.830612,48.189831,59.395859,41.602393,47.992206,9.071630,70.789558,48.580106,36.828259,48.731510,46.133891,54.053215,51.119880,50.249632,38.243027,26.228621,37.273481,39.841967,58.039214,49.370642,38.741646,61.005231,14.751223,77.720399,47.052153,18.342932,58.815468,49.486669,85.484980,19.024382,15.623876,17.237332,23.027795,25.724205,51.817920,88.735421,26.509673,70.404238,76.752265,75.122841,30.212163,72.837641,48.320960,78.115648,40.493192,34.449539,38.023935,35.024117,54.536098,3.131999,67.085202,54.156878,41.086747,73.755197,27.788899,40.283966,12.867585,61.882796,48.072991,58.847570,62.469875,16.872775
85.354464,72.785359,36.810433,58.295653,95.696612,100.947766,75.124593,70.153682,60.019455,69.040335,57.727214,48.838042,38.763205,85.886452,71.560600,0.000000,89.327820,66.549601,9.153593,36.385569,55.806956,74.967795,46.013476,76.340293,18.397292,38.864777,44.047266,36.010904,21.054980,39.628250,93.836030,38.443255,51.068702,67.541768,4.881099,59.922804,40.517482,83.762632,21.759835,23.200612,96.192488,75.289061,41.713880,23.396331,33.385888,92.963942,75.244068,45.821469,67.390185,16.009462,7.519188,33.501144,66.374793,35.250633,93.748900,2.158649,55.274013,14.217171,25.926707,17.114471,16.609907,43.191826,48.523595,13.407566,41.477549,98.129259,33.436868,77.268843,81.425317,26.397629,59.866535,77.406352,63.823587,70.085735,9.839683,62.571566,23.461608,32.577929,12.088924,48.846821,87.284324,92.626708,69.168362,37.024453,32.742077,15.866738,85.262042,33.360693,43.534030,20.019710,42.112952,18.019477,81.089828,41.417812,34.796405,46.403577,59.360948,87.850076,51.570629,75.010681,5.864744,53.938607,11.237477,63.291126,14.413887,45.333753,53.986068,95.078943,41.617421,59.214037,51.696579,40.225116,81.605370,86.714531,39.820195,24.916311,105.622809,69.388696,84.957215,25.719631,20.184655,92.344438,68.546279,40.099131,70.475460,49.417403,44.498034,41.288713,82.163739,51.404938,73.187575,46.320079,20.043602,39.437887,71.481515,37.697925,73.104271,105.011109,64.812594,25.119124,17.291058,63.367887,27.916069,65.290033,26.083163,100.772807,64.821816,95.339618,85.984675,23.978313,100.403870,50.677636,35.367968,72.363148,48.688625,37.584730,13.816786,56.869061,68.226488,32.958556,58.174383,36.997705,35.002241,89.718147,60.773001,24.611355,47.580709,87.895427,57.554802,81.535819,48.793489,89.164459,23.040700,45.029914,80.989569,46.079410,31.805836,50.014969,43.503127,16.863813,25.427292,33.045373,44.217896,58.179643,72.921510,47.926170,43.861138,74.363538,18.550921,61.854954,60.624767,2.215591,72.991193,75.478064,83.326210,11.530288,71.176336,27.985065,46.959427,80.446386
89.215551,78.466220,54.899279,33.460655,10.488344,16.222295,63.882728,91.317757,45.331146,97.691923,42.604459,117.600025,81.812219,63.054880,43.303913,89.327820,0.000000,81.009354,89.491407,69.426599,58.450037,81.166758,70.142401,17.817017,83.934508,51.377422,90.518663,56.166787,83.792431,63.797501,78.226520,52.291372,53.746569,92.666122,91.339373,48.465569,108.673180,70.623162,67.950740,66.515595,10.272949,64.937313,52.513358,76.894046,57.749224,5.455699,79.663277,47.882213,63.289894,75.922661,93.648248,102.234269,68.714776,108.464740,40.176161,88.138743,102.191726,91.513929,92.171429,96.996080,94.800139,53.003786,52.762173,95.247193,79.014426,9.139901,76.884865,89.820756,16.446000,88.557130,29.906307,89.073018,28.764632,43.779930,89.831565,89.034932,77.831749,105.283009,79.555689,45.630520,48.976455,7.058644,73.183898,85.516921,106.451991,73.480737,63.746737,66.271554,46.400687,77.388176,59.460901,101.142813,80.757757,115.658502,83.936808,68.432240,72.138548,23.927878,40.195041,31.744777,84.705139,91.934158,79.496183,32.343972,75.192610,80.350948,35.344672,24.027285,114.892672,39.000290,37.634071,114.061282,10.382048,18.213487,50.380743,65.459235,89.575973,43.203413,60.827917,78.131380,74.336718,56.236726,90.461561,51.518652,62.086593,42.204855,110.415290,70.074914,9.418996,37.971557,35.669625,85.429561,69.907933,115.362989,38.624622,95.873698,21.991140,15.779732,73.437372,74.132575,84.603781,27.392473,61.459919,38.897126,99.868471,11.997499,24.684773,90.298067,6.761767,65.626930,91.670538,42.951678,67.725828,20.038162,75.314850,72.349138,79.115796,37.269747,81.623308,62.819004,42.463995,109.581750,54.622433,47.030527,99.492402,75.917656,78.041072,54.261098,53.353626,57.723099,54.436738,23.469670,66.321793,83.522916,16.837965,106.260771,106.968041,64.821681,49.419692,97.954393,64.355737,78.262314,45.174118,31.148516,16.623623,41.552498,91.088603,41.531900,76.081854,95.370453,29.854469,91.115862,18.698210,83.582243,48.602649,77.803581,90.958638,64.730083,99.437504,27.621669
18.836227,7.721042,68.169372,53.872929,79.692535,81.656583,21.314028,10.308429,36.728507,17.176395,40.907896,53.744836,94.984991,30.978937,38.317624,66.549601,81.009354,0.000000,74.518250,32.510010,24.585028,8.813422,93.768550,63.340710,48.323859,51.911469,27.495788,69.045588,45.762569,32.921381,30.601697,50.328209,85.982444,12.101800,71.401174,33.372486,48.949985,23.695401,62.513492,55.182101,80.559333,20.516743,73.101551,43.621084,66.639073,86.453674,9.662727,72.910000,18.153217,68.656423,63.437929,47.571028,12.520090,53.525792,55.132918,67.541894,29.540658,55.306055,45.173882,57.412703,55.741616,40.758087,35.414595,59.213988,95.578700,89.095264,33.191876,11.954998,64.932629,42.531727,60.144412,11.739777,75.421750,37.554166,58.162310,10.528104,43.334099,51.994774,56.028771,44.709777,42.729410,78.899229,9.118217,31.159296,53.307867,61.043419,29.887952,78.722431,64.029156,75.359894,34.297901,61.525086,15.516392,57.699072,92.947407,92.944478,10.506122,62.341203,50.748493,49.768741,67.551472,19.932315,57.499033,50.703628,63.313084,21.440712,62.059616,68.403199,56.386008,44.504677,60.643569,56.515056,70.692651,65.916666,52.154456,64.633453,40.256520,37.993085,31.730165,40.934717,48.622885,42.130786,9.537910,48.240991,20.361234,50.289577,47.714178,89.627707,80.596198,59.495026,45.766117,22.212098,63.711302,59.216911,42.678740,37.502157,81.361731,91.467292,7.572054,42.696812,49.495687,71.953965,56.796677,42.340631,51.866187,86.896638,68.444063,28.939175,82.920511,61.718117,34.145747,73.680355,34.624151,62.139685,18.121202,29.965473,53.908697,75.788553,1.682245,74.343543,40.826074,53.352469,61.540974,46.328063,22.878997,42.583586,99.915947,39.285933,29.028534,31.182181,33.283877,63.653961,57.683575,100.898957,64.482881,41.266309,54.887165,93.565362,46.041227,58.715383,54.422505,88.093147,60.735160,63.188068,72.507983,57.391369,28.084802,40.774943,72.313425,17.667762,70.315650,68.580510,63.708159,8.935907,39.843275,62.032014,10.025555,69.632469,32.956515,55.174377
93.354463,80.445827,35.087871,60.261108,96.649362,102.141254,81.618076,78.646592,64.479159,77.841684,61.609007,57.453302,30.457259,92.062437,76.112066,9.153593,89.491407,74.518250,0.000000,43.294898,61.833864,82.756883,39.106672,77.918403,26.986009,41.072154,52.956213,34.013989,29.661626,45.766521,100.882127,41.018820,46.519536,76.155996,5.149255,64.807374,49.392119,90.582580,21.894052,25.976694,97.073392,81.867113,39.085901,30.923679,31.933853,92.701040,82.927223,43.565452,73.944667,13.572598,16.064266,42.519422,73.416633,43.876703,97.730893,7.414070,64.393448,23.365667,35.065092,25.909624,25.626260,47.432688,53.374219,22.214362,33.482404,98.010195,41.333150,85.517127,83.162019,35.399998,60.895611,85.610256,62.561588,74.670175,18.990014,71.103962,31.184189,41.354747,18.616323,52.180155,92.236779,93.398495,76.522533,45.739992,41.416221,17.685110,91.510414,28.379029,43.095701,14.283353,47.644069,26.063030,88.693875,49.690502,26.261641,39.732150,66.781401,90.438531,53.880802,78.327642,7.143190,62.766787,17.258526,65.918855,15.347585,53.580153,54.395434,97.490714,50.001575,62.608534,52.260769,48.592584,82.551923,88.738966,41.942333,24.041775,112.977782,73.896658,90.978377,33.600871,26.575488,97.771134,77.030381,43.043386,76.886939,51.789406,53.412762,34.587610,81.715337,52.168574,76.912321,54.920095,19.832523,47.554104,75.507594,46.836265,71.689935,105.269069,72.263886,32.171172,25.956935,62.660619,29.511845,69.127324,35.021271,101.229425,64.806634,103.098745,85.553062,24.232438,108.073452,48.647580,41.924739,73.835349,56.475336,44.968818,20.692382,54.946617,76.200261,29.234223,62.071162,45.622644,34.966204,94.435185,69.771791,32.019086,39.672479,93.289973,62.993680,87.380119,53.960291,91.688778,24.910471,36.577704,82.754449,55.185535,40.358414,43.734953,46.739474,25.485853,28.095576,25.333196,44.508980,58.611323,72.887279,48.978373,52.797615,78.750834,14.164470,70.694872,59.989921,8.099781,74.279391,83.408131,88.331572,14.259123,79.628401,25.382257,56.094925,83.410668
