Traveling Salesman Problem Specification

Visit 200 cities. Distance table:

0.000000,31.513067,19.728499,28.506716,33.397350,64.434428,34.032824,12.618572,87.634851,68.178925,85.253261,63.424845,28.040852,30.446821,66.998125,51.299978,50.276342,42.059831,12.983395,37.690452,8.583028,86.471090,19.157525,34.019432,34.723516,66.088311,63.528763,28.096660,76.325047,10.766733,44.660303,85.410761,26.958691,27.352173,51.109640,47.181071,81.180135,54.270641,77.071636,41.996444,72.016735,47.780519,22.704033,27.574302,59.913803,49.235926,40.739172,54.224405,24.425436,76.993849,8.533247,33.407876,43.854671,32.816639,29.987371,12.606177,67.472627,48.880191,69.185825,5.640289,30.117983,16.342454,33.637288,68.537246,58.192690,54.437269,17.527990,55.787096,41.932554,64.668030,18.725753,19.613643,38.714273,68.157113,65.128377,29.459985,56.598850,57.871063,17.819936,51.114116,73.220952,85.955183,43.289072,42.996519,33.432615,35.917031,43.458784,53.124156,32.071649,46.595432,35.807050,62.255647,1.422543,49.356239,31.456489,46.584682,63.219570,58.653312,38.963465,64.042868,46.660490,89.993733,64.778538,76.177253,46.359086,61.786987,36.229986,30.453607,32.612109,28.534713,47.138513,40.364769,77.236151,31.951190,67.134389,58.276195,31.891632,63.650862,77.003749,6.588560,9.286118,6.406780,13.349708,48.396075,48.257412,71.910751,76.842751,27.812628,53.548599,73.045667,45.115954,58.226271,42.041877,37.881775,35.489146,94.900338,64.130633,61.565035,63.868296,67.175639,54.028044,39.229989,36.954670,24.776841,23.226415,33.328710,12.496261,59.247799,47.128485,69.505914,53.845352,36.967424,45.160301,32.837208,34.332058,38.328524,50.682591,30.348334,23.723966,67.940966,55.829029,29.656090,24.441550,21.670609,55.137764,43.841743,56.734483,33.332920,3.042562,57.217716,44.982414,73.794541,30.708406,66.533152,58.400985,46.672431,75.277012,17.530532,13.362948,59.211145,70.390857,20.405626,47.589873,24.664139,38.386851,27.605083,55.868207,56.781435,13.061805,27.116497,93.186120,76.319654,22.359012,42.494414,53.570914,56.067247,14.697430,76.221063,51.269805,29.178569
31.513067,0.000000,25.431804,33.113019,48.210088,52.715519,14.888336,43.834979,102.326769,62.924774,98.822839,94.813084,20.635351,46.458132,78.690742,63.627308,48.034385,26.374668,23.585742,54.783488,28.918209,105.695430,42.732602,64.945945,4.810392,67.310111,55.848152,59.554355,82.327649,28.216052,75.554915,106.272330,50.017958,38.498061,82.418279,25.116540,96.544109,57.740704,74.472712,18.771592,58.743690,76.727195,45.953810,24.601563,91.423688,70.339807,20.309237,43.886836,48.838267,83.156112,30.383639,4.479452,35.420880,62.917884,14.098528,42.596226,75.576337,78.529027,89.834282,27.087089,11.699810,35.722262,36.327724,72.663647,89.426004,47.898901,14.046911,84.251850,43.901799,75.979610,23.635332,13.065834,12.341073,60.883704,93.423614,2.473973,75.187138,51.149276,48.969205,55.327770,94.710762,105.976693,32.727181,74.444354,8.237484,43.948439,50.551928,75.069780,43.430649,74.066525,14.060881,84.978147,32.934785,80.483470,15.222807,69.710868,93.778173,89.090908,37.085553,95.145691,42.554936,109.657264,64.396373,73.763268,51.567914,93.010782,21.291446,31.195083,63.448916,6.231524,64.703895,71.251344,86.749764,61.919173,56.461110,50.528000,16.878607,70.041606,86.443336,37.650573,27.501708,25.113092,35.246627,36.456772,79.445398,83.827193,70.987127,59.325678,77.409495,94.989278,71.389061,89.281528,72.550397,16.865316,57.025889,112.981527,74.381977,78.016874,57.765771,93.809010,79.122554,50.082243,42.669776,6.962207,29.541436,31.233388,39.987918,85.869486,78.310653,95.554439,60.006497,25.759954,76.124934,14.366898,53.873299,69.781551,77.519551,39.934605,15.528839,93.275039,71.871062,40.855797,15.087228,43.532238,85.472860,73.750164,47.100573,62.952797,31.053224,88.190916,71.400729,77.108637,18.333481,64.380697,56.821575,77.750567,100.160124,41.676825,30.910092,88.065184,88.560606,11.405971,72.366227,13.046772,65.411163,48.967774,43.824238,68.238797,27.834871,44.760675,111.100236,64.096309,17.194121,69.273059,37.515832,87.577084,35.800874,93.918254,62.915600,20.469195
19.728499,25.431804,0.000000,10.293289,22.969578,44.707661,18.975465,30.582451,78.094166,49.180973,74.905874,78.120493,35.324933,21.055493,55.135930,39.494694,31.464401,23.556119,24.729086,29.420586,11.423552,80.482835,38.614008,50.978241,25.880336,48.878895,44.062512,41.891202,61.412944,26.329366,55.023351,80.889422,25.379638,13.457864,62.825865,30.295023,72.067260,37.567553,58.870915,26.530881,52.290196,53.681782,21.750427,37.187154,73.556105,44.916812,24.207903,34.496320,24.801891,62.173345,12.142348,24.473874,24.128768,50.903234,15.420472,23.917089,53.463916,56.073526,64.429323,20.399380,16.985932,11.930577,15.251988,52.574015,73.622310,34.957856,16.023736,60.650935,23.976476,52.511940,29.898726,13.866316,25.920563,48.811322,69.544272,22.973234,49.883783,38.434516,31.104885,34.604621,69.282744,80.666957,23.692767,57.910101,22.134014,20.499920,28.005837,49.668373,18.698268,50.122918,36.700931,59.590250,20.563166,65.320231,16.150738,44.474040,72.092105,67.322132,19.690837,79.722509,27.325475,84.401149,46.977704,58.012424,30.082519,77.167893,41.107691,11.099910,43.411328,26.712465,39.418347,57.143346,64.219804,50.190641,47.447820,38.725791,15.710462,48.636783,63.940565,25.632179,10.462913,16.506658,13.059426,28.787071,59.524141,60.282364,57.864183,42.550939,52.204789,69.557578,46.960211,68.693930,59.351459,39.509788,31.760367,87.991459,51.295341,53.078161,44.635927,69.133889,54.158377,25.911189,20.291845,21.807602,36.659508,13.704694,19.636782,61.291600,58.411466,70.670072,38.390954,17.926957,55.728020,35.068762,28.466790,53.397229,53.180398,15.493321,28.716223,68.221580,46.932234,15.985062,10.928795,19.104421,63.645919,51.751775,37.032148,41.165730,17.015165,67.431387,47.031125,57.600749,35.908718,48.242090,40.050150,62.839037,74.967907,18.597700,8.765794,64.661062,63.411710,19.952665,47.425571,12.699006,41.527951,23.941065,36.163673,44.534012,27.965273,19.364584,86.133142,56.607084,8.405087,45.126415,34.350794,69.348612,33.139980,68.888141,38.990988,36.044505
28.506716,33.113019,10.293289,0.000000,16.273038,37.097994,22.434871,37.609499,69.237842,39.672532,65.809877,81.335553,45.387712,15.561684,45.776682,30.520800,21.775019,21.535184,34.966417,23.022328,19.930926,72.940609,47.663717,56.392726,32.322724,38.618646,35.237517,45.881442,51.240434,36.294915,56.389433,73.954436,23.767261,7.192182,64.626451,29.960741,63.431091,27.275836,48.869284,28.247559,44.832949,52.734423,21.564487,47.405418,76.194514,39.238538,25.092676,27.152521,24.451681,52.012382,20.087592,31.052071,17.514019,57.137930,20.243192,29.043394,43.506097,55.683051,57.734410,30.165570,22.491382,15.146888,5.155625,42.302060,77.414481,26.227568,25.972723,58.823621,13.771458,43.095262,40.191243,23.336884,30.001882,39.740245,67.157063,30.794182,42.776171,29.576578,35.843909,24.327608,62.833833,73.411070,18.390392,61.774627,27.783746,10.885039,18.013671,44.148872,10.798853,48.146251,45.667814,54.022152,29.052694,69.655710,20.096344,39.960181,71.999954,67.266664,10.751762,83.575358,18.357064,76.965543,36.821279,47.995271,19.856835,80.859210,50.730109,3.789657,45.712148,35.595837,32.373628,62.247949,54.426027,56.565955,39.354853,30.153049,18.880603,38.500583,54.136817,33.603890,19.438795,26.378129,17.872022,22.995209,61.193487,50.929709,48.339245,47.010217,47.608913,63.306160,44.320856,69.592393,64.782105,48.537477,27.673792,79.990481,41.679900,45.062928,35.402574,65.509070,50.206377,16.976843,10.134498,30.849372,46.931230,6.921647,24.332519,57.987154,60.135023,66.603988,28.242827,15.680705,57.172855,44.393394,23.651242,57.519213,50.490209,7.224384,38.702082,63.793524,38.943402,8.673909,18.069889,18.969584,63.633259,51.973099,29.194697,42.118824,25.536182,68.226700,44.493049,47.311809,45.710510,38.259627,30.075713,67.372910,70.070276,20.790936,15.409695,62.980287,55.769291,29.686848,43.713020,20.139259,40.010078,21.457611,29.348814,35.238379,38.045069,15.628952,78.097373,48.646573,16.351948,43.034387,29.657165,71.869840,42.686157,60.987571,29.839554,46.050924
33.397350,48.210088,22.969578,16.273038,0.000000,45.217044,38.675644,37.470846,55.626714,42.164828,52.746830,71.864455,56.979474,3.031380,33.747032,17.942086,26.250104,36.858294,43.933472,6.758770,26.422676,57.525338,51.049360,51.445341,48.041295,35.639907,40.606946,39.397337,43.292583,43.590139,45.327108,58.103029,12.921200,9.744799,53.769047,45.598597,49.432171,24.024580,47.941525,44.424963,52.672640,39.153009,14.049546,58.101459,66.066526,22.966568,41.181153,36.848898,15.367025,43.913767,25.633159,46.704106,29.843758,53.628245,36.250423,27.201073,34.208719,42.573586,41.732210,37.333762,38.379783,17.176098,16.329081,36.388332,68.889549,33.093810,38.434590,44.243082,17.776804,31.339098,49.802590,36.742463,46.237255,43.883135,52.010489,45.783314,26.977531,35.560020,31.912528,20.973703,46.738829,57.766646,31.924875,53.967267,43.715154,9.281820,13.134587,27.879512,5.704667,33.739999,59.602653,37.749549,33.232257,62.233935,36.256459,23.977987,58.743481,54.156090,21.486546,74.970798,26.288280,61.462063,35.545340,47.009369,16.708060,72.086606,63.536087,19.645425,36.658331,49.662394,16.493876,56.425629,43.844622,53.358018,46.237812,36.843693,35.109242,30.907297,43.609869,35.934524,26.872761,34.391090,20.051305,35.401863,50.302897,38.758590,50.074230,41.179572,31.510263,47.147664,29.472862,57.470714,59.395119,62.381788,12.520430,65.039523,30.733624,30.185254,39.421406,49.665509,34.346745,7.108571,12.268076,44.745729,55.714372,21.929719,23.261939,42.375556,49.360403,50.575754,21.953948,31.339935,46.173647,57.812145,8.218264,50.348062,35.415547,9.108233,50.712617,47.662517,24.062128,7.630150,33.223207,13.123348,50.665681,39.719208,37.699358,31.506685,30.506219,56.024154,29.725150,41.702107,58.140143,38.329204,31.247699,60.362097,53.829142,17.472253,21.431756,48.436246,40.442170,42.534446,28.091449,35.206731,26.496250,10.157992,39.640620,23.400936,45.751042,6.527016,63.188198,55.176718,31.016258,28.738813,42.531211,61.712761,47.927484,45.934086,17.872595,57.848945
64.434428,52.715519,44.707661,37.097994,45.217044,0.000000,38.142095,74.586238,72.761724,15.010486,68.119804,116.748520,72.209080,46.886309,50.689713,44.287093,19.221847,26.456274,67.188165,49.470113,56.014321,83.549587,83.216613,93.357211,48.708787,27.338717,8.021808,82.395355,43.986130,69.969647,90.497651,87.211236,57.473349,41.939913,98.935633,29.354175,69.384489,27.969207,26.518957,34.815891,7.743110,83.973723,56.827936,75.580779,111.126693,62.553212,32.526212,10.215910,59.209307,44.812436,56.505488,48.398682,20.616250,94.232130,40.488561,66.112428,42.902163,87.563251,74.165922,64.619276,42.311945,52.214422,32.636065,34.844445,113.364940,12.133538,55.157221,88.110048,27.485558,48.434444,70.934129,51.530126,41.378539,10.948193,94.722103,51.675918,60.654262,10.249807,72.783143,28.967321,79.440745,85.311068,21.751456,97.969603,44.478153,36.147801,33.650681,66.873841,40.833946,78.101212,66.513546,74.907234,65.233197,106.058077,38.857565,66.032538,103.504763,99.035014,26.431704,119.509769,19.388865,87.613670,23.372360,26.195275,30.606640,116.692037,74.005326,34.301686,81.128251,58.332277,53.527739,99.082697,52.516966,93.663931,3.946649,8.618183,37.414202,37.084070,52.181030,70.166134,55.155887,60.701216,54.967041,16.907420,95.464626,54.373739,20.255795,83.720521,72.182498,80.579369,73.532614,102.636733,101.715801,69.139084,57.239231,87.401355,45.755369,58.488363,11.303033,90.385695,75.961367,39.416244,33.325718,55.430118,77.953951,31.209362,61.395153,84.329477,94.500294,90.256283,32.936914,29.039276,91.338138,67.080229,53.065767,93.929113,78.897063,39.476068,65.817257,86.750561,54.293298,41.246747,43.958566,54.620601,95.636229,84.919525,7.918648,76.489362,61.671747,101.180658,73.866003,36.393704,70.701594,20.518209,19.127903,103.908951,91.048069,57.379660,52.154416,92.237917,68.540444,57.117348,70.911280,45.242860,71.551857,54.705025,9.089927,44.687426,71.168415,49.109273,85.530925,11.999623,44.615022,73.344834,15.665156,106.766198,77.388506,71.556417,42.903585,72.360306
34.032824,14.888336,18.975465,22.434871,38.675644,38.142095,0.000000,46.476570,90.121536,48.039104,86.346674,96.158982,34.137618,37.666733,66.137778,51.864417,33.564221,11.685982,31.596241,45.433761,27.877990,95.013632,50.032741,67.764734,11.772425,52.863108,40.974939,59.913827,68.378798,35.414431,73.867500,96.267438,43.969590,29.170001,81.535041,13.387283,84.658097,43.916476,59.627067,8.001349,44.531592,72.597198,40.593303,37.660339,91.909204,61.613686,7.052026,29.050376,43.659579,69.222944,29.117844,10.985571,20.626398,66.840895,4.053674,41.879410,62.195517,75.040645,80.127063,31.675299,4.552107,30.904753,24.141633,58.557229,91.346599,33.034684,19.096620,79.424872,30.524714,63.401418,34.083611,15.634120,7.567153,46.016252,88.188202,13.578988,65.124474,36.265382,48.985873,41.766378,85.252099,95.615671,17.852901,75.752427,6.911244,32.435139,38.045022,66.509953,33.228338,68.824673,28.942524,76.410511,35.296444,82.752935,2.838702,62.019277,91.065831,86.296205,23.367712,97.356141,28.016659,99.080339,49.800977,58.928642,38.460259,94.928352,36.067537,19.442840,62.104924,20.210625,54.772779,74.079770,73.447362,65.983244,41.805313,35.641480,3.573707,56.428632,73.129666,40.616187,26.467160,28.274932,31.781939,21.628167,78.282771,71.199159,56.108293,60.279341,69.733873,85.737831,65.439313,87.581799,75.944890,31.722701,49.446921,101.736298,61.564783,67.016047,42.878192,87.278225,72.082012,38.834316,30.536709,17.444649,40.900714,18.363529,38.032979,79.564932,77.161480,88.580967,46.687567,11.119822,74.553776,29.117042,45.674832,71.140467,71.671319,29.658775,27.920300,85.907092,60.972225,31.047007,9.638521,37.906902,82.620061,70.725075,32.254983,60.114367,32.278590,86.337162,65.546236,62.800576,32.563435,49.622242,42.217032,80.154377,92.344373,37.563857,27.255692,83.477056,77.862062,19.838765,65.443236,9.484053,60.300955,42.216835,29.141823,55.984517,35.960847,36.951180,99.823603,49.761908,12.017772,63.772414,23.442901,87.775731,43.362411,82.900315,50.974259,34.243815
12.618572,43.834979,30.582451,37.609499,37.470846,74.586238,46.476570,0.000000,87.602109,76.558801,85.844841,50.978112,36.798364,34.462551,69.255376,54.340845,58.776633,53.828309,22.499505,39.829540,19.285903,84.094555,15.246276,21.402097,47.240069,72.550836,72.751896,16.761000,80.559858,18.304437,34.253762,82.124751,27.140829,34.367240,39.802753,59.469518,81.031665,60.672088,84.320836,54.467477,82.288591,39.795057,23.939473,35.093019,47.748671,47.595377,53.048707,64.484894,24.121102,81.137862,18.441039,45.947059,54.320355,20.467989,42.423010,10.306019,71.272234,40.052826,66.605836,16.824468,42.669918,22.910866,42.449126,73.844413,45.641300,63.810122,29.998702,47.957722,49.921638,67.229413,26.912642,32.226256,51.328259,77.091208,57.160991,41.881099,55.944712,67.108787,9.179578,57.496121,69.959140,83.142070,54.200221,30.640876,46.050778,42.578716,49.506684,50.619700,38.019093,40.176960,46.435805,58.680539,11.263553,36.764690,43.834258,43.774019,52.942723,48.603446,48.361021,51.452261,55.930200,87.270788,71.838662,83.400038,52.807262,49.233004,45.314369,40.291084,22.805839,40.312553,47.860835,27.747010,79.980683,19.686593,76.956150,67.749980,44.151902,68.353835,79.789960,6.186167,20.498629,18.926593,19.880213,59.263054,37.242106,73.816662,85.081505,15.942302,49.671863,69.507197,39.904633,47.312596,29.477391,48.140629,35.145853,92.917873,67.197814,61.778201,72.663392,60.551009,49.190207,44.260339,44.314559,36.968933,28.658400,43.442786,14.385929,52.924108,36.143272,63.262014,59.291329,48.427265,34.620253,43.225985,35.527277,25.991001,44.597198,37.360104,34.041023,62.285580,56.646414,36.145444,36.843988,24.355658,45.288627,34.903807,66.723680,25.494447,14.224424,46.447113,39.652202,79.159822,40.138296,74.067750,66.180442,34.068911,69.708699,20.018252,22.457538,50.886634,69.197363,32.522885,43.438277,37.196078,33.077388,28.928019,66.410069,59.787429,20.165302,30.977010,91.337503,86.241370,34.618925,37.036473,64.929196,44.055279,15.911380,75.039223,54.629357,38.006286
87.634851,102.326769,78.094166,69.237842,55.626714,72.761724,90.121536,87.602109,0.000000,58.763931,4.760587,96.167404,112.602618,58.175993,24.095005,38.725637,60.076118,83.388295,99.217685,50.163922,81.702529,16.299048,102.732539,91.970143,101.156747,45.454680,64.740829,80.440986,29.895723,98.297243,72.913197,22.615267,61.092935,64.661541,78.638974,91.647402,6.576500,48.164015,51.325752,93.327167,76.149286,60.449022,65.094927,113.621855,89.589393,40.255201,89.825832,71.862397,63.959596,29.218713,80.736663,99.978615,72.797169,96.250736,88.915195,78.010962,30.144103,63.894578,25.230931,92.257622,91.295019,72.280668,66.201613,37.970845,96.852888,65.235453,93.929998,56.846081,59.843882,26.822838,105.158321,91.955443,97.337019,63.125431,55.599849,100.028023,31.663404,64.359389,79.207669,49.360617,26.008637,19.333781,76.018895,87.677105,96.384122,58.378998,52.085599,38.276027,59.396404,54.959776,114.718616,34.188512,87.135396,94.787742,88.365512,44.869322,71.553587,69.644424,67.091534,101.380594,65.041567,18.928545,49.397777,50.972002,51.856196,98.584994,119.080421,71.242643,73.563443,104.663658,40.496465,94.063288,20.474567,96.536907,70.443284,66.132815,86.872530,36.257433,20.796341,88.385878,82.310486,89.679643,74.761627,76.134235,76.375899,19.250430,59.224891,82.824164,41.685505,27.581306,52.071857,76.122137,97.305746,117.556151,52.659330,15.409857,28.941425,26.082345,61.476415,47.094956,44.600297,52.338798,59.781569,99.814320,110.691432,71.785554,75.689446,48.073808,76.191426,44.294178,44.188747,79.883329,73.593999,113.162704,53.307458,86.594471,51.338910,62.698019,106.326440,41.305134,31.861344,62.111620,87.307727,65.965523,68.427922,66.029938,69.981120,67.339356,85.025480,74.886396,52.516858,37.563576,113.730967,52.499818,54.608855,94.383514,38.973158,70.165344,76.901144,58.697492,19.278178,97.977510,47.189001,89.376719,57.426848,60.073956,74.462503,34.167296,100.550481,61.080755,13.784307,74.204923,85.496819,54.691820,81.723747,86.365682,101.283693,14.130255,39.411279,113.475636
68.178925,62.924774,49.180973,39.672532,42.164828,15.010486,48.039104,76.558801,58.763931,0.000000,54.049387,113.583480,80.937011,44.567822,38.101142,35.458118,17.910631,36.903432,73.487934,44.543607,59.602974,70.634771,87.336187,93.203424,59.502468,13.666032,7.794958,81.410742,29.369222,75.486492,86.672645,74.817886,55.082544,42.236945,95.047577,42.046579,55.936197,19.473092,12.068513,46.611524,17.399979,78.455118,55.599151,83.867385,107.551007,54.718539,43.741044,19.547903,57.399138,30.167845,59.732495,58.923567,27.696480,94.885419,49.427461,67.044274,29.693623,82.287091,63.145662,69.567270,51.602852,53.652098,34.547043,20.907108,110.910373,15.120286,62.437203,81.375888,26.637412,36.192945,78.029291,58.990388,52.787406,4.377901,86.927927,61.466325,51.013513,11.777721,72.985974,21.873159,68.231332,72.643371,30.205840,96.125487,54.851284,34.474715,29.093483,58.455901,39.331873,72.145815,76.981623,65.300475,68.702649,104.397054,47.993896,59.026225,97.519086,93.327733,29.495582,116.945274,21.967283,74.600086,10.146723,11.568809,25.523997,114.032651,83.968278,38.081112,78.780055,67.940103,45.862364,98.432502,38.320212,94.478884,11.936404,12.509047,46.381276,24.501180,37.992047,73.095068,59.070832,65.686316,56.724005,26.782712,91.632728,41.132288,8.684491,83.073044,64.122958,69.522193,67.447877,97.680311,101.325233,79.755673,52.633237,73.742707,33.474734,47.602450,5.180650,81.587336,68.165486,35.282787,32.354256,64.328479,85.033037,35.723805,62.436268,76.377531,90.773383,80.984261,23.859738,37.394513,87.534202,77.031735,48.895215,92.500436,72.131553,39.298225,74.267165,77.347134,44.455730,40.700397,51.594528,53.895862,90.171931,80.427408,16.401307,73.381960,65.201424,96.196221,67.841883,21.657848,80.029150,6.490548,10.924685,102.521036,80.788490,57.486209,54.984287,85.341181,56.760633,65.136660,64.045053,53.260949,66.818207,52.305396,20.698857,34.257272,77.033795,47.523731,71.915592,16.306152,51.526013,67.831331,28.724300,103.237458,82.246041,59.054282,34.115115,81.276316
85.253261,98.822839,74.905874,65.809877,52.746830,68.119804,86.346674,85.844841,4.760587,54.049387,0.000000,96.998418,109.686269,55.403262,20.210106,35.415375,55.795466,79.314005,96.567314,47.601602,79.027817,20.143995,100.870767,91.287751,97.506792,40.793203,60.097998,79.525278,25.135192,95.838068,73.002831,26.226713,59.032463,61.533146,79.105819,87.481405,6.612726,43.907566,46.569323,89.326768,71.426924,60.631636,62.901751,110.844520,90.385095,39.012576,85.831199,67.422876,61.960832,24.458669,78.117818,96.354722,68.658745,95.413995,85.272763,76.065205,25.671987,64.220871,26.133983,89.722636,87.667642,69.630814,62.575279,33.297714,97.380451,60.793551,90.831427,57.629205,55.939906,22.945668,102.479951,88.738868,93.487815,58.414964,57.138820,96.555109,30.186212,59.831276,77.663743,45.245976,27.817153,23.059582,71.893247,87.558704,92.700674,54.926260,48.384877,37.588545,56.227346,54.860198,111.415970,34.726388,84.818342,94.882722,84.666945,43.925249,72.855250,70.666629,63.185681,102.101454,60.848443,23.162774,44.748342,46.212797,47.951774,99.262269,115.982029,67.661202,72.866118,101.346924,38.242499,93.683647,15.738584,95.646590,65.757775,61.594592,83.149964,31.815602,16.063256,86.320353,79.570222,87.015494,72.216240,71.854473,76.686188,15.173394,54.464787,81.895238,41.535691,29.452057,51.653296,77.053283,96.942359,114.268752,50.729951,20.138450,24.879935,24.066808,56.825784,48.769104,44.763804,49.032177,56.179096,96.529808,108.171912,68.061031,73.514978,48.991971,76.432438,46.164695,40.091978,75.967527,73.716675,109.953653,51.026434,86.229653,51.493211,59.441158,103.327160,42.970337,29.459246,58.959908,83.863302,63.603910,69.219687,66.007914,65.479841,66.549445,82.571541,75.769027,52.112878,32.807171,110.687094,47.809472,50.099500,94.340861,41.386488,67.887515,74.138359,59.776088,19.220601,94.840996,46.691089,85.935574,56.616090,57.830177,69.988664,30.585988,98.070217,58.432310,18.471342,69.451770,82.130057,54.150114,77.328880,87.009548,99.133472,15.061709,35.989749,110.530572
63.424845,94.813084,78.120493,81.335553,71.864455,116.748520,96.158982,50.978112,96.167404,113.583480,96.998418,0.000000,85.255318,69.925414,89.446971,80.672158,98.074749,101.436899,72.677186,69.074070,68.297679,84.446144,56.689612,30.317673,98.148358,104.614224,112.471368,36.274141,104.795589,68.064843,27.038791,79.253131,59.287665,75.247131,18.955540,108.385910,90.496112,94.412738,117.286294,104.110912,124.346137,37.550311,60.126657,82.430759,6.634979,63.051415,102.171696,107.629845,57.585351,104.998927,67.041193,96.829827,98.760821,33.712082,92.162003,54.334279,95.773047,33.606968,70.983102,67.767785,92.797765,66.956891,84.814643,102.381446,6.260073,104.729877,80.933630,39.372182,89.325820,88.828575,75.837632,82.950238,101.754229,115.638225,41.798316,92.844141,70.882063,107.367437,47.183291,91.758021,70.586033,81.960495,99.695510,20.467399,96.647555,80.656766,84.611259,61.789350,75.917803,44.071826,96.273251,62.280816,62.017305,14.970236,93.373896,57.646170,25.817380,26.651977,91.048248,5.659118,97.417280,85.533856,105.679715,116.380396,88.139855,3.962669,93.537546,84.916094,35.713561,91.124360,70.109361,24.393542,99.555996,34.837640,118.030264,108.573996,93.365889,96.066279,99.535040,57.162833,69.727204,69.818266,65.132301,104.313611,22.183542,91.875544,120.932628,35.912518,56.547651,69.171463,48.455128,20.087124,24.335642,97.553286,60.995465,93.035834,90.336747,77.491806,111.213494,50.256130,52.753850,78.423774,83.429863,87.938730,74.809525,88.196721,58.483963,48.095012,22.932296,53.544720,90.802967,95.562485,26.176025,92.929693,64.694080,25.127994,46.300880,77.428646,84.025035,55.698705,75.909050,75.601262,86.624887,62.535725,27.778978,33.781742,108.991877,40.358214,64.414057,21.283987,47.984967,107.081382,89.042407,108.967826,102.700933,17.720657,60.599372,60.651751,69.368099,37.579002,77.869917,83.486743,53.114588,87.333643,47.134675,62.068800,110.161955,84.527373,69.373433,67.650239,92.283203,127.034387,84.147472,47.084457,110.960761,10.546982,62.381173,82.151239,81.735757,86.440105
28.040852,20.635351,35.324933,45.387712,56.979474,72.209080,34.137618,36.798364,112.602618,80.937011,109.686269,85.255318,0.000000,54.452593,90.225648,74.435298,64.511691,45.792752,15.076467,62.643151,31.351102,113.192574,28.871752,55.025686,25.391249,83.208000,74.390579,53.529428,96.623946,18.560318,71.045641,112.626505,53.935241,48.300618,76.398885,45.673361,106.367053,72.428526,91.894660,39.301314,78.666212,75.545371,49.550436,4.212376,83.132674,76.144160,40.459755,62.778233,51.759847,97.398617,32.534794,25.081432,53.299215,51.652096,31.802909,40.591034,88.787699,76.337070,96.212351,22.427508,29.897809,40.662682,49.913998,87.545353,79.324119,65.834485,19.422507,83.629203,58.478525,87.649119,9.886080,22.382897,32.971337,79.438673,92.961922,20.933978,82.737023,69.264512,44.785378,69.602126,100.525755,112.927710,51.101936,65.908814,28.408186,55.822162,63.313302,80.353980,53.632717,74.622764,12.177760,89.788254,29.174688,70.324669,33.388211,74.051090,89.739051,85.372619,52.687884,84.455598,59.406430,116.882363,80.812108,91.110218,65.230309,82.774790,8.520297,44.979422,59.404758,14.431978,72.641168,60.870378,99.520258,50.541415,75.795361,68.928257,34.895000,83.887219,99.244146,31.544069,30.523458,23.704196,38.633941,55.460383,73.974336,95.347114,89.348357,52.496910,81.261887,100.468380,73.127593,84.041166,61.335262,12.608914,62.223233,121.290611,86.542051,86.923935,75.900483,95.212812,81.954295,61.021229,55.514119,16.788417,11.333674,46.279999,40.235269,87.288475,72.887930,97.543853,73.629731,43.714487,71.418450,8.956554,60.234215,61.488948,78.723441,50.682205,6.758890,95.938755,80.888483,50.894227,29.423966,47.872802,82.010728,71.217354,65.916751,61.026278,29.616980,83.212901,73.003462,92.422849,3.981166,81.423198,73.429507,67.555472,103.249577,44.405291,35.822168,86.915669,96.579845,15.989756,75.427391,27.684401,66.422255,53.957021,63.153174,79.635726,16.635267,51.712236,119.503660,83.895557,29.922717,70.528018,57.520683,79.836105,22.878761,102.300509,74.047619,1.211080
30.446821,46.458132,21.055493,15.561684,3.031380,46.886309,37.666733,34.462551,58.175993,44.567822,55.403262,69.925414,54.452593,0.000000,36.606638,20.854952,28.179183,36.772181,41.183068,8.396940,23.646275,59.517382,48.020595,48.791119,46.549610,38.485636,42.642240,36.855961,46.323148,40.715503,43.636784,59.833928,10.668307,8.504581,52.067398,45.387797,51.914996,26.781604,50.699460,43.797050,54.437601,38.187776,11.230655,55.459924,64.243845,24.074950,40.654050,38.163327,12.831592,46.943114,22.799899,45.185151,30.530363,50.849398,35.000962,24.205692,37.227506,41.454617,43.378296,34.485608,37.037425,14.312289,16.575363,39.384665,66.773212,34.819285,36.156034,43.719314,19.412708,34.236067,47.081308,34.652557,45.190961,46.106076,51.797951,44.009109,28.878172,37.451949,29.061386,23.685450,48.266547,59.635669,32.363267,51.687282,42.368623,10.741448,15.736052,28.925721,6.193401,33.098085,57.475692,38.858179,30.253777,59.924727,35.140553,24.418168,57.726679,53.078495,22.229562,72.882253,27.698734,63.401233,38.262108,49.767971,19.275025,70.020629,61.171206,19.177232,34.487962,47.610957,18.462261,53.885972,46.790837,50.554375,48.106879,38.649294,34.093413,33.932878,46.559955,32.906507,24.167283,31.631220,17.116082,36.154444,48.595059,41.582374,52.605451,38.571452,32.098181,48.585802,29.039063,56.102595,56.815105,60.224599,12.173912,67.208678,33.693928,32.513329,41.620929,49.949533,34.644699,9.929807,13.590445,42.685934,52.899673,21.784874,20.233659,42.461152,47.621555,51.054265,24.897490,31.074762,44.472447,55.581452,8.089568,47.958846,35.131440,8.851800,48.272942,48.284050,26.443987,7.045240,31.614174,10.134297,49.530438,38.315297,39.230568,29.609444,27.579711,54.674344,29.248393,44.699646,55.731620,40.948880,33.683419,57.988228,54.678571,14.453719,18.739077,47.904966,42.531044,40.283591,28.171200,33.545900,25.421839,7.871688,40.877568,26.334680,42.893856,3.497656,65.375916,57.153064,29.294926,28.018518,43.240497,59.883805,44.940324,48.115770,20.838124,55.347091
66.998125,78.690742,55.135930,45.776682,33.747032,50.689713,66.137778,69.255376,24.095005,38.101142,20.210106,89.446971,90.225648,36.606638,0.000000,15.852369,36.275849,59.306499,77.638491,29.588176,60.159805,32.860256,83.806217,78.079269,77.309144,24.475729,42.810807,65.780410,15.738599,77.321107,63.242374,36.735330,42.124315,41.925737,70.613819,67.619639,19.285002,24.384725,34.183779,69.232252,55.222818,51.897113,45.486759,91.618125,82.866639,26.609546,65.731087,48.480237,45.151789,15.785755,59.379316,76.165166,48.758605,81.591208,65.079800,59.088118,8.744666,55.852054,26.074832,71.078057,67.479068,50.909432,42.399157,17.917230,88.586041,41.909977,71.139694,51.611911,35.766454,2.737237,83.468510,68.892560,73.295774,42.236991,54.436041,76.445033,18.625062,41.485697,61.871875,25.335086,30.767336,34.669057,51.968041,76.499284,72.496166,34.899825,28.189703,27.755877,36.593443,45.391923,91.440346,30.688320,66.724675,84.452013,64.460761,32.092422,68.144224,64.857198,43.015055,93.978157,41.071772,36.932892,28.019969,33.518217,27.776087,91.026682,96.240400,47.504215,60.108763,81.367346,21.891454,81.506029,10.907135,81.637961,48.953701,43.300847,62.941008,13.689487,10.770697,68.858906,60.560577,68.112366,53.707887,52.280392,67.655251,5.154633,41.058046,68.042925,33.319295,32.204708,41.160842,70.565040,84.755658,94.305947,34.598710,37.297416,5.039609,12.384468,39.707311,47.432635,37.414986,29.236321,36.022768,76.590151,89.458259,47.853157,55.938362,44.343191,67.134168,45.987706,20.160598,55.805071,64.057202,90.081550,33.728622,74.284396,43.360551,39.643950,83.751313,42.296054,13.908175,39.332708,63.785872,45.700460,62.507260,56.133494,46.896030,53.699418,64.169373,69.130364,41.639531,20.454010,91.029582,31.611219,31.770977,83.398606,44.218624,50.127774,55.124769,54.863536,18.947994,75.086196,36.361248,65.858603,44.208893,40.405032,51.210087,10.602777,79.492733,39.882858,35.380281,54.342529,62.125963,42.962915,58.139025,78.968658,81.327395,20.979818,16.178173,91.022109
51.299978,63.627308,39.494694,30.520800,17.942086,44.287093,51.864417,54.340845,38.725637,35.458118,35.415375,80.672158,74.435298,20.854952,15.852369,0.000000,26.348182,46.496818,61.789657,14.572376,44.324923,43.516059,68.534224,65.301008,62.606583,24.270750,37.359512,52.898925,26.509361,61.531744,53.690405,45.588804,27.517089,26.164371,61.753544,55.201098,32.934751,16.511170,36.804149,55.876834,50.462099,44.002534,30.403176,75.778606,74.316546,19.307731,52.389116,39.196032,30.521690,27.011389,43.567285,61.393403,36.671404,68.311337,50.379857,44.060889,17.059981,47.954113,30.684332,55.269555,52.730620,35.118182,27.740802,21.836731,78.876651,33.252899,55.446977,46.129091,22.655172,13.399015,67.616220,53.323503,59.256511,38.690402,51.471370,61.314962,16.408796,34.106051,47.576617,15.369944,36.045328,44.457621,39.674430,65.379040,57.899675,19.691777,14.177116,23.028155,20.840459,37.485550,76.023553,30.620143,51.083863,73.598859,49.935694,23.927727,62.500385,58.506446,29.637939,84.647328,29.836714,47.642951,26.071852,35.920920,15.274953,81.682899,80.587280,32.668216,48.210278,65.960151,10.740989,69.411072,25.952600,68.228761,43.739618,35.856770,48.501564,15.566179,25.728342,53.479127,44.711284,52.268453,37.970095,41.155061,58.489554,20.931599,41.417856,55.019100,28.665588,36.985777,32.805410,63.340182,72.586174,78.870216,21.179231,49.888906,12.914444,15.672697,34.918719,46.366479,32.712730,13.625701,21.328472,61.128017,73.625912,33.522484,40.601939,40.923036,57.773261,46.042195,11.686647,42.214354,54.547633,74.538403,19.170324,62.544043,36.953603,24.026157,68.001839,42.497930,10.308150,23.579241,48.588748,30.301840,55.553197,46.906949,38.534117,42.030907,48.432716,61.855322,33.238556,26.809084,75.322979,29.718502,25.760018,72.183929,46.831690,34.754209,39.277358,50.014027,26.618506,59.438201,28.928977,50.656343,33.637469,25.443757,42.141686,5.499918,63.688654,24.209833,47.971999,51.186988,46.773827,33.703156,47.804951,70.139340,65.746219,31.228083,1.386255,75.248109
50.276342,48.034385,31.464401,21.775019,26.250104,19.221847,33.564221,58.776633,60.076118,17.910631,55.795466,98.074749,64.511691,28.179183,36.275849,26.348182,0.000000,24.231593,56.016759,30.250818,41.704810,68.405026,69.433795,76.059193,45.336408,19.302643,14.502286,64.575072,35.198914,57.792339,71.571378,71.256424,38.846598,24.611720,80.012961,31.855244,55.560581,11.917224,27.557482,34.515820,26.482127,64.765991,38.721381,67.150989,92.313743,43.685828,31.140386,12.852288,40.840256,36.058915,41.822441,44.496986,13.435101,77.467141,33.995664,49.445689,30.318696,68.377313,56.967267,51.789669,36.353103,35.870550,16.639710,25.236389,94.946373,7.216235,45.495891,68.916730,9.042108,33.661475,60.806243,42.211638,39.698043,18.389569,75.674720,46.242870,42.685313,9.311119,55.634846,11.319309,62.321344,69.762603,16.655125,79.775040,40.456108,17.526128,14.457629,48.169822,22.387468,58.879503,61.965069,56.679572,50.792516,87.971017,32.812761,46.931227,84.286350,79.826581,11.962343,101.059696,5.570599,72.548904,16.413717,26.731321,11.612808,98.199768,68.384430,20.399830,62.657225,52.376007,34.719406,81.506122,41.402382,77.011051,19.989278,10.668617,31.157161,24.199103,41.068020,55.200152,41.198011,47.935161,38.906774,16.060623,76.548663,40.847879,26.566467,66.093865,53.304521,63.306217,54.315020,83.507021,84.297863,64.825113,38.061302,73.535590,31.267410,41.567771,13.916323,71.651656,56.984234,20.207564,14.995554,48.314035,67.748539,18.381230,44.786878,65.354176,75.609697,71.721120,16.303940,22.444662,72.419416,61.555285,33.926557,75.920581,59.720526,21.776678,57.764945,68.302102,36.639852,23.337264,35.129825,36.770777,76.442014,65.835057,12.392114,57.723358,47.294096,82.045176,54.646485,29.260879,64.017206,16.968193,8.922328,85.949872,73.051030,40.073687,37.074682,73.054621,52.234978,48.538279,51.767516,36.978083,52.399036,36.050827,15.793699,28.033633,59.414362,30.744064,71.612184,28.973949,34.654419,54.128984,21.952672,87.958648,64.413451,56.082079,25.012745,64.965794
42.059831,26.374668,23.556119,21.535184,36.858294,26.456274,11.685982,53.828309,83.388295,36.903432,79.314005,101.436899,45.792752,36.772181,59.306499,46.496818,24.231593,0.000000,42.047988,43.322495,34.551056,89.998609,59.599028,74.512898,22.655335,43.137421,29.595594,65.317378,59.421400,45.418471,77.408315,91.967790,45.258645,28.684931,85.492275,8.845929,78.383496,35.652432,48.727353,10.291415,32.927546,74.258463,42.747644,49.247908,96.655926,59.404174,7.004642,17.566809,45.733206,60.282825,35.494676,22.175726,10.814780,74.268672,14.312065,47.439282,54.242012,77.158349,76.399791,40.845640,15.934719,34.521544,20.579454,49.443177,97.079297,22.224336,29.613282,80.330925,23.891539,56.592281,45.160679,25.978296,15.950114,34.599917,88.561564,25.233973,61.366509,25.224141,54.615732,34.069962,81.692174,90.943300,7.576981,81.355997,18.159667,28.701634,32.323592,64.310238,31.156304,69.658311,40.330189,73.940387,43.147089,88.851003,12.621926,60.834884,93.458762,88.712599,16.889824,103.198236,18.757974,94.131660,39.759029,48.080455,31.728843,100.608247,47.650480,17.756966,66.247839,31.883279,51.524320,80.694753,65.442478,73.511877,30.133058,24.403328,11.354482,48.213693,65.112294,48.444093,33.334790,37.100136,36.335930,10.156734,82.105933,64.174141,44.736099,66.062192,68.316035,82.384148,65.760196,90.815918,82.871803,43.040388,48.944010,96.016675,54.460079,62.129171,31.722791,86.523414,71.203055,34.876655,26.086518,29.043922,52.099330,14.989403,43.043252,79.175336,81.020039,87.396392,39.223033,5.960981,78.163789,40.707254,44.779227,76.882256,71.890511,27.951190,39.487229,84.404255,56.374219,29.726949,18.658651,40.068004,85.065436,73.327348,20.788932,63.213555,39.769320,89.478228,65.948369,53.250312,44.246613,39.111612,32.266319,86.384843,90.303028,41.013249,32.282763,84.495090,73.090490,31.049584,64.874505,19.520596,61.544284,42.991040,17.473506,49.811685,46.277082,37.155520,94.087809,38.107567,20.049185,64.547660,12.115486,92.389151,53.222049,77.677401,45.402247,45.919378
12.983395,23.585742,24.729086,34.966417,43.933472,67.188165,31.596241,22.499505,99.217685,73.487934,96.567314,72.677186,15.076467,41.183068,77.638491,61.789657,56.016759,42.047988,0.000000,49.053900,17.540198,98.900411,19.204787,42.410827,27.870772,73.585004,67.807650,39.217913,85.528658,4.712593,56.499705,98.069720,39.393424,36.196652,62.299143,44.850716,92.857005,62.152610,83.524920,38.810186,74.356033,60.525150,35.037195,14.741212,69.932840,61.705327,38.642065,57.129772,37.053914,86.255178,18.483228,26.847686,46.878977,39.842335,28.004034,25.514580,77.134519,61.416124,81.743261,7.423099,27.075647,26.944347,39.980458,77.025208,67.007806,58.799808,12.520763,68.589252,48.701761,75.169092,5.970785,16.103107,33.858050,72.724546,77.926522,22.235936,68.692362,62.308519,29.924496,59.122319,85.913181,98.502002,45.436709,52.694371,28.402429,44.399812,52.073964,65.761397,41.412172,59.547171,23.940601,75.045853,14.098486,57.983513,29.703328,59.330067,75.186730,70.734340,44.091661,72.506671,51.520656,102.504461,71.703471,82.676430,54.491814,70.552813,23.376398,35.636997,44.672565,18.792676,58.864450,48.583493,87.447602,38.797754,70.378806,62.344954,30.752216,72.726636,87.192041,16.804761,17.078418,9.552593,24.512141,50.361059,59.694749,82.680846,82.137893,38.433101,66.415964,85.792056,58.097631,69.758104,49.577095,25.667477,47.826524,107.180997,74.334530,73.274924,68.743641,80.140129,66.984481,48.843453,44.703907,16.739343,12.028247,37.770773,25.318821,72.220905,58.587204,82.486516,62.580388,38.223585,56.921392,20.728705,46.201161,48.120943,63.657651,38.923811,11.543794,80.920618,67.362201,38.744542,23.444630,33.602333,67.308002,56.317993,60.022753,46.016964,14.776284,68.855020,57.965469,82.134119,17.945055,72.897847,64.715361,55.214836,88.250594,29.838140,22.514211,71.918969,82.541127,12.594474,60.509107,22.558524,51.369330,39.682478,58.178283,67.165261,4.416263,38.148744,105.430546,79.178525,22.573146,55.477274,54.151977,66.381395,12.276593,88.327737,61.568542,16.229465
