Traveling Salesman Problem Specification

Visit 200 cities. Distance table:

0.000000,39.402984,18.679155,33.455581,11.238237,34.079386,33.731072,56.387786,44.124084,13.907288,22.056862,63.284951,9.161872,52.318899,36.179090,21.602391,43.188303,47.874503,39.303796,14.682769,68.546220,39.286820,30.693842,59.301938,26.719237,34.152626,10.442015,63.496323,37.337575,16.443102,57.343633,27.903207,54.271271,39.385631,43.824855,20.377523,42.053106,38.579550,39.264872,31.900322,24.008451,54.921759,28.704217,48.908579,64.101747,33.143086,60.344771,37.675956,40.822698,56.736108,19.772081,50.914692,31.215091,28.562639,67.615460,42.433332,61.065250,61.722340,44.787161,16.357206,64.179832,18.276429,20.205151,64.620353,35.728813,13.787877,33.003151,23.308451,43.617694,47.138631,37.875675,43.704593,52.698355,61.378444,56.634456,7.837914,81.035482,26.929040,12.037508,35.053131,59.205522,59.347762,33.618209,58.950971,9.093402,18.566456,37.028512,40.091261,38.559193,66.853250,43.914579,20.175514,51.371860,22.875819,55.092563,49.048139,49.515566,41.330911,62.726263,25.934944,61.249366,42.839151,63.108050,47.062061,32.344808,57.472361,65.386482,53.293320,48.615099,12.611676,22.054196,20.597657,18.489266,33.570287,63.358887,32.083755,60.331134,38.178767,15.222883,49.769665,19.473833,3.495317,45.870107,34.177882,33.580382,26.618884,65.590941,32.733389,16.559980,58.151977,57.314359,26.942031,38.236398,49.051436,55.006842,58.605011,47.780345,34.027108,64.977002,41.703599,34.342431,13.599210,35.179341,31.357734,26.335464,8.479503,26.363859,33.481499,76.191412,17.675595,49.722725,58.253209,34.830724,28.565891,31.001539,35.960840,50.249244,52.883547,49.334587,31.053457,67.074478,24.467912,10.173505,54.695179,61.797943,65.217393,21.353104,58.643557,63.274871,56.264959,53.417400,28.991797,75.865080,37.858629,60.911256,43.060834,43.163251,39.435737,54.101585,42.671782,64.501605,54.175342,56.438407,36.554979,45.040536,51.456741,7.635092,39.401227,41.168118,54.633005,24.397721,59.250108,22.132373,28.083981,34.423454,56.252033,60.527034,30.560774,44.501027,27.865121
39.402984,0.000000,33.009187,41.791125,37.738584,30.387348,34.668548,34.284476,53.026164,52.624218,18.224315,33.098880,48.505193,29.326961,26.735332,42.192488,30.260453,47.770957,8.855637,48.932268,38.230352,48.091781,32.556804,42.545980,66.085745,47.511166,46.116071,24.210727,74.629970,26.970565,18.290986,12.612527,33.537400,34.012195,47.420697,24.701874,47.876167,56.119778,30.583484,39.467657,27.360148,41.424988,33.427355,58.478583,34.415660,38.755645,23.125827,4.477034,16.560362,31.308197,21.803318,37.087069,40.736928,17.262647,29.444220,73.107175,22.700565,22.395431,66.516726,25.435494,40.106779,57.622755,59.592074,70.976535,18.585504,52.795196,72.346174,45.856461,46.004568,38.672266,23.604586,15.298061,68.145431,47.450077,70.452036,46.689616,44.493181,36.701595,50.116208,51.819356,23.641710,31.579263,63.695950,77.509008,42.561299,50.018638,49.352937,31.666556,66.318753,37.519960,21.035885,19.951611,18.878908,20.385438,44.258205,74.757065,56.234050,14.291385,72.901011,65.101792,26.449698,55.108891,74.102805,8.059113,71.628852,30.565095,27.205440,14.998567,16.581441,37.963866,18.261808,22.205206,39.762520,42.072971,69.108485,45.673729,40.555866,41.806483,26.987738,50.005510,58.875984,42.818168,9.884223,34.550163,46.400187,42.080709,32.211399,56.428842,26.187806,36.858526,25.980058,43.256902,51.804886,17.921634,46.423537,51.209780,10.473553,54.141725,44.775968,80.748111,73.734749,34.248683,26.864727,36.534992,14.489705,35.423459,21.084015,69.741265,37.880405,23.517643,34.760616,26.529255,11.186029,54.748031,63.932633,51.205339,54.347114,30.014660,56.391447,70.297844,30.552674,45.956489,47.979898,23.905063,22.939921,28.781579,50.019486,61.176955,27.680919,66.115579,50.095672,21.866775,39.935603,74.150940,67.682855,13.975639,25.073085,6.810993,15.869409,82.009823,43.545408,25.362236,26.970952,71.519245,45.292612,14.779323,46.902833,77.212392,6.495111,55.688418,61.353439,44.590058,57.548737,18.948465,30.560740,40.777020,21.126432,14.104727,46.113790,56.734311
18.679155,33.009187,0.000000,15.811819,27.276889,15.831496,15.054054,39.308740,27.716163,25.586962,22.777692,48.024278,25.616525,35.840977,42.877405,9.303997,25.447825,29.570694,37.123996,33.361293,52.985213,22.430799,41.060146,41.098071,40.846514,49.427623,17.637961,54.586282,54.369923,24.626772,50.919495,26.362615,37.048570,20.862224,25.930872,8.368351,24.548800,55.381437,46.932621,13.853343,32.802761,62.501117,39.833673,33.072989,48.602436,14.813663,48.946393,33.499517,27.079214,40.490059,23.714136,32.696199,13.646954,16.558174,56.597264,40.099264,55.626654,54.402000,35.046070,9.925802,47.059258,31.680181,34.696576,48.466542,21.251119,30.501888,45.076924,40.253487,25.485140,55.991494,21.510921,43.463016,39.631588,42.841243,42.971491,25.616373,67.938818,8.750708,29.986933,21.467307,46.786668,60.916349,52.288323,47.797584,14.247568,37.129050,52.250021,21.895033,33.410006,51.052354,28.773699,21.584807,49.977992,26.754422,36.475283,42.368183,63.930945,41.266161,47.800321,41.081016,48.206730,58.481735,48.513209,38.862776,44.053465,59.352994,54.510579,48.000181,47.239653,28.556060,22.840389,25.406331,34.227222,47.121760,46.978563,47.212340,65.671923,50.560664,23.013901,31.589881,33.708117,21.343048,35.666254,44.666839,48.622497,41.662663,51.482288,23.898572,8.622953,40.770362,43.037337,42.335131,53.932763,48.178664,36.328822,39.955730,37.980867,22.533461,47.062988,56.350250,47.665627,5.101513,42.137660,12.813569,18.744021,10.199683,31.315376,51.228813,64.926743,22.436596,56.231602,57.679294,34.174607,46.733966,49.602744,51.968212,63.886535,36.311502,63.842523,45.581316,54.656066,41.226615,28.444401,54.433402,55.630368,52.863423,17.254302,41.254694,50.520226,40.938429,34.933716,34.372974,62.562635,42.460681,44.743103,42.390133,26.685954,36.265403,48.871997,56.142990,46.732518,54.891116,56.974008,54.683032,26.665764,47.526070,24.694938,46.552539,37.472238,36.785877,42.172124,66.670647,26.413761,15.169427,43.169233,63.128379,52.702461,31.345119,56.849367,23.751587
33.455581,41.791125,15.811819,0.000000,42.942439,12.477358,7.904555,33.482217,12.300522,36.133359,36.849781,44.982353,38.590360,31.862023,57.272874,13.214635,20.112865,14.676253,48.114246,47.906731,49.036344,6.920900,56.409942,31.652204,50.719712,65.239433,28.760515,58.925447,65.993673,40.166518,57.738575,39.023458,31.128298,12.980243,10.370299,21.167034,8.746987,71.102848,61.481329,2.398876,48.093649,76.636574,55.335759,17.863803,45.100250,3.240680,51.141470,43.723223,29.638890,36.389486,38.569996,24.041195,2.241221,24.818539,58.608846,37.115863,62.896389,60.207980,25.746918,24.750310,40.408073,42.090804,45.426070,32.831329,24.519674,43.108820,53.029985,55.901626,10.284500,70.671128,21.251427,54.960448,26.413435,31.612837,29.028537,39.321417,66.780735,7.126705,43.519042,11.156422,47.967502,72.440448,66.781466,35.721761,26.499322,51.994976,68.060900,15.762187,29.156399,46.818453,28.728378,36.037443,60.382525,41.305412,24.980017,34.992664,79.682919,53.020865,32.783257,51.699508,48.449289,74.293047,33.689059,45.377459,51.826316,71.101695,56.831520,55.936695,57.837257,44.250664,36.924755,40.306925,49.990562,62.851953,31.278230,63.023935,78.856959,66.121008,38.586247,16.403204,44.380348,35.498369,40.735595,59.969433,64.432624,57.474209,49.957746,18.860677,23.450391,34.007239,42.069613,58.141638,69.741561,59.003413,23.774830,26.364404,43.120007,14.773141,38.244849,65.645914,56.374542,20.291198,56.639300,5.256209,29.780517,25.267281,45.799463,63.739757,66.146241,37.588232,70.128660,68.142068,46.272683,61.977487,63.522390,67.763064,79.549734,32.056967,79.602899,55.393349,55.160520,56.911801,42.341671,65.241377,62.320314,53.585646,21.052432,25.467314,50.930543,25.829516,20.483432,48.783921,61.414727,44.968232,29.130941,53.740100,24.522585,46.770182,56.785902,64.434423,38.383385,66.219395,68.105306,67.621053,12.066646,56.479699,38.090401,50.553358,47.518484,21.192242,54.990715,80.666985,32.194008,23.123543,58.118899,76.993166,58.189285,44.387115,72.350642,23.764179
11.238237,37.738584,27.276889,42.942439,0.000000,41.080478,41.756577,61.170343,54.294716,22.601959,19.575026,66.134919,15.622179,56.633133,27.324212,32.152460,49.158333,56.816931,35.132494,11.289430,71.514823,49.231369,20.463881,65.502807,31.202910,23.033152,21.422493,61.750898,37.030869,10.852656,54.337065,25.163051,59.272511,46.670418,53.184696,25.777279,51.680809,28.170943,29.756252,41.102726,15.363485,44.939997,18.265131,59.315592,67.135561,42.086006,60.379268,34.882997,43.646808,60.676938,15.944985,57.310882,40.722552,31.836239,67.110152,53.141688,57.296448,59.055744,56.016777,21.060088,68.810317,24.806349,25.370617,74.991073,39.514748,17.900363,38.550142,12.976652,52.761962,36.879298,42.837290,37.999743,63.720990,68.288686,67.589554,12.904286,81.665993,36.001374,14.316839,45.839634,60.002579,51.848220,27.395497,70.159621,20.326926,12.515234,25.913230,46.768072,49.669034,70.084071,47.518766,17.988461,45.789533,17.932594,62.367287,60.192050,38.317286,35.727742,73.458883,29.452828,62.415266,31.867098,73.917445,45.786689,38.217316,49.886716,64.863187,49.832111,43.191757,1.386857,19.529394,15.781798,7.330979,22.361642,73.637455,20.922222,51.093252,27.098781,10.766639,58.860179,25.033055,11.993594,45.949936,23.729726,22.412102,15.410837,67.419079,43.949455,21.907861,63.226900,59.571196,15.797286,27.258837,43.320193,62.730674,66.712555,47.458197,45.080722,70.609882,44.298374,38.760171,22.666415,26.267711,40.012858,27.613340,17.886876,19.786633,32.016325,75.597713,14.256758,40.292595,51.889623,30.302392,20.085124,26.570491,25.088108,39.011118,57.266166,38.146106,34.632651,67.574895,13.969397,12.372037,48.324109,58.429715,65.734678,32.591213,68.398497,64.152975,66.866100,62.054690,21.664489,76.774734,46.959003,71.263580,37.651985,47.890227,35.836364,50.556178,46.357902,69.933639,47.314698,49.571553,33.848248,53.892277,47.308125,14.117531,47.386204,37.697355,64.046787,23.868895,49.242373,32.357292,31.957684,24.694291,46.501504,58.224830,25.824785,33.372470,39.040361
34.079386,30.387348,15.831496,12.477358,41.080478,0.000000,4.603220,23.934799,22.684325,41.133005,29.581206,34.020072,41.438905,21.115800,49.415273,20.092727,9.826177,18.405499,37.572807,48.634202,38.573184,17.955678,50.313602,25.292911,56.378767,61.406580,33.181499,46.448374,70.196533,35.300168,45.489569,30.136335,21.604164,5.634656,17.155065,15.520957,17.488927,68.343758,53.731056,10.579046,42.140615,68.049147,49.705266,28.096709,34.359713,9.236835,38.762272,32.916170,17.172136,25.815141,32.282624,16.887953,12.318110,14.630218,46.288362,48.772511,50.695972,47.805611,38.224113,20.202916,31.558224,47.263978,50.369212,41.068208,12.279992,46.331445,60.071067,53.784000,15.848509,62.929838,8.798711,44.527815,38.082794,27.368584,40.152321,41.336909,55.274774,10.976578,45.712563,23.561633,35.712891,61.716691,67.410079,47.690406,29.965526,52.092342,64.075152,6.065250,40.984502,36.481742,16.430643,29.338027,49.239170,34.350763,21.292651,47.414426,74.723771,42.806189,42.567322,56.768843,36.390940,70.418056,43.737615,33.197165,58.973511,60.530770,44.463430,43.952799,46.834050,42.202218,29.664924,33.975185,47.326417,58.011641,39.264951,59.186045,69.251975,60.427551,33.928520,20.700164,49.363189,36.985198,28.374054,53.658043,60.470162,53.869609,38.439512,30.540935,19.219659,25.169277,30.263334,54.732105,66.054856,48.095517,21.746228,25.983119,30.743030,26.906592,31.236911,71.823453,62.928629,20.822903,48.949767,7.744658,20.543308,25.715803,38.497010,67.036048,53.995105,31.922155,61.363721,56.916341,36.534726,61.101079,65.073658,64.394076,74.066641,21.470696,74.711815,61.127814,43.098012,54.590436,44.085182,54.222066,50.021304,41.463216,29.408214,31.812884,38.855880,35.743448,22.330808,41.242440,49.869205,54.830655,37.624196,43.247534,12.660501,36.000972,44.786263,71.328296,30.934025,55.466920,57.216039,70.427030,15.598099,44.801833,40.479874,59.806552,36.489821,26.489179,57.964423,71.860090,40.152708,13.136356,51.112883,68.085932,45.764584,35.519445,66.344151,34.011859
33.731072,34.668548,15.054054,7.904555,41.756577,4.603220,0.000000,26.890432,18.370976,39.285649,32.229317,37.734195,40.370485,24.658238,52.425597,17.157432,12.931261,15.657000,41.552613,48.411253,42.057070,13.465797,52.662645,26.770732,54.403537,62.956419,31.436413,51.036883,68.810866,37.065138,50.060302,33.437539,24.522076,6.425285,13.454532,17.144316,13.366878,69.520846,56.716824,6.167713,44.386779,71.380007,51.874982,23.874567,37.964943,4.674308,43.251562,36.981608,21.772835,29.299712,34.570879,18.529234,7.980552,18.296883,50.739408,44.583379,55.255474,52.406720,33.644797,21.544305,34.247584,45.408141,48.618322,37.469532,16.825414,45.173769,57.610483,54.655174,12.373777,65.939170,13.347901,48.485006,33.591252,27.968097,35.784408,40.571736,59.291596,8.007394,44.925323,19.036271,40.119863,65.804189,67.329141,43.148571,28.500163,52.127904,65.692492,8.590906,36.717373,39.898089,20.854340,31.754947,53.459002,36.923088,21.497948,42.886830,76.735352,46.678800,38.545264,55.009720,40.682624,72.016070,39.649670,37.745574,56.470058,64.563439,48.945672,48.448171,51.001413,42.959914,32.310489,36.299084,48.359772,59.923671,35.725616,60.728247,72.952464,62.668058,35.596065,17.892125,47.591115,36.360759,32.966980,56.103483,62.064455,55.298312,42.444196,26.302456,20.392335,27.793237,34.408043,56.092284,67.568245,52.230921,21.275827,25.001777,35.339280,22.495836,33.088588,69.718069,60.656232,20.149635,51.894824,3.686734,23.886752,25.251942,41.238084,65.971444,58.347084,33.960589,64.746271,61.172357,40.206262,61.549217,64.642623,65.783075,76.270032,24.931601,76.698221,59.147036,47.396163,55.542454,43.448050,58.404455,54.604420,45.794333,26.252554,28.675502,43.158438,31.653369,20.410163,44.093293,53.901133,51.325317,33.927636,47.223825,16.785627,40.061369,49.286858,68.958232,32.979102,59.557385,61.356446,69.555449,12.706200,49.199621,39.568228,56.538230,40.647437,23.566223,56.976268,75.277056,37.252771,16.678682,53.809083,71.533130,50.367492,38.849545,68.720373,30.278882
56.387786,34.284476,39.308740,33.482217,61.170343,23.934799,26.890432,0.000000,37.612360,64.872433,44.635262,12.751132,64.515025,5.030914,60.325510,43.891699,14.126961,27.127654,43.133287,70.335770,15.785364,35.444829,64.411773,9.483182,80.137375,78.050024,56.911594,35.805010,93.391362,52.808454,39.957340,41.999703,2.369834,20.665160,30.452474,36.110668,32.665030,86.015575,64.420135,32.611242,57.313099,75.632519,64.601737,41.167530,12.383501,30.817961,25.838439,38.605741,19.024111,4.771924,48.338488,10.442470,34.432874,29.432815,31.393920,70.404238,44.933366,39.720543,56.939748,40.560561,7.797647,70.981135,74.002972,47.285889,21.759441,69.445593,83.998724,72.846110,28.858216,72.853559,18.543209,49.196354,52.573951,14.986738,52.870558,64.043543,34.738467,34.677938,68.371844,43.931156,21.703677,63.217824,88.470457,62.301068,53.555437,73.210567,80.372734,18.323963,62.378793,13.506108,14.375293,45.326408,50.376014,49.026218,15.473443,66.679767,89.080784,48.497400,51.753752,80.381688,20.366006,86.564456,53.344112,31.117953,82.905720,62.729779,30.452746,41.108025,48.936871,62.043267,44.715858,49.688202,66.205549,73.457929,45.372757,75.946356,73.967661,74.391146,51.866170,28.403319,73.016541,59.597663,25.768458,67.096947,76.993234,71.247166,18.873282,52.273666,40.043997,2.580731,13.878663,72.294454,82.655545,50.412863,18.609649,22.412426,26.983729,47.936080,10.525369,95.625112,86.811793,44.004572,60.261255,30.568801,34.589992,48.482030,51.910980,89.841637,36.805254,48.896078,69.011501,56.735611,44.842039,81.056140,86.869744,81.485903,87.604274,4.329393,89.176173,84.878242,26.131338,73.396678,66.560947,55.274413,43.230734,25.165310,53.109026,37.026266,22.539382,46.429430,25.233701,53.811600,29.663872,78.169713,45.085278,47.913312,13.320120,41.074361,41.676507,95.234173,9.395283,57.482469,58.488637,92.920526,26.614487,43.864031,63.387897,83.428548,40.419013,32.209375,80.743069,78.628749,64.010554,29.212718,63.537346,74.846368,37.500156,46.252260,79.403205,57.034176
44.124084,53.026164,27.716163,12.300522,54.294716,22.684325,18.370976,37.612360,0.000000,44.002236,49.147455,50.182755,47.850701,37.586899,69.569876,22.593273,26.933034,11.104668,59.860261,58.045461,53.317433,5.381650,68.621471,32.638139,57.293052,76.952287,37.600243,67.898955,73.387116,52.290344,67.887219,51.189350,35.482345,20.336389,7.180595,33.466740,5.430020,82.428939,73.781361,14.645746,60.314861,88.905523,67.489278,5.596060,49.962403,14.704336,59.258376,55.330544,39.236330,41.529793,50.848884,27.182247,14.226625,36.534525,66.351763,35.211381,73.139379,69.854546,19.716789,36.991444,43.125544,49.478378,52.849896,20.770816,34.893310,51.928494,58.113902,67.141893,8.814843,82.971627,30.669961,66.770669,15.748411,30.498847,17.475489,49.045427,72.287492,19.299549,52.977601,11.133199,55.665343,84.146385,76.601097,25.580132,36.140917,62.354835,79.799740,23.292434,27.407789,51.021190,37.204670,48.335803,71.829823,53.604057,24.640270,29.440039,91.622095,64.910002,20.505400,58.765978,55.579642,85.966057,21.468115,55.720398,56.840053,82.879716,64.806680,66.574401,69.369450,55.640992,49.222674,52.583741,61.492713,74.829752,19.350819,74.752745,90.969869,78.248310,50.691693,10.982858,51.817939,45.669917,50.673251,72.196515,76.186741,69.179124,55.900120,19.453576,35.682039,37.286575,48.840932,69.784832,81.383692,70.592718,22.147590,22.428828,52.985309,14.839037,39.114911,71.246527,61.860259,31.731679,68.939174,17.134298,41.819419,36.413028,58.099966,71.889520,73.196681,49.825594,82.375177,79.539931,58.289196,72.628867,72.855384,79.319743,91.602441,37.561928,91.526249,61.727907,62.146308,68.213399,52.103356,76.773660,72.322423,60.766129,27.316841,15.006607,58.041280,13.548161,15.966429,61.083654,67.108312,46.589768,17.041448,65.522355,32.435845,58.406138,67.399221,69.310158,39.711685,77.902912,79.717561,76.047851,10.999485,67.485987,47.651764,52.881344,59.015772,12.580787,63.584947,92.917033,37.482977,34.873350,70.404232,89.228606,67.734963,56.575942,84.511395,26.771420
13.907288,52.624218,25.586962,36.133359,22.601959,41.133005,39.285649,64.872433,44.002236,0.000000,35.831620,73.398160,7.270562,61.414556,49.466415,22.930871,50.907829,50.658426,53.109434,18.044808,78.451826,40.204539,43.063546,66.036784,15.264943,42.977688,7.961687,76.434519,29.860632,30.204081,70.777973,41.606396,62.594688,45.615320,45.928341,30.784200,43.621128,45.056243,52.218578,35.410431,37.259368,67.537811,40.863170,47.705818,74.041852,37.068822,72.457151,51.243419,51.639821,66.047705,33.676887,57.718565,34.098926,39.748160,79.926563,31.594321,74.679454,75.019086,38.489891,27.930016,72.599979,6.134664,9.350234,62.921769,46.052541,8.777724,20.038771,31.089599,46.226997,59.475109,47.007451,57.611291,48.411224,67.076959,52.633988,9.982357,92.528067,31.373108,11.469850,33.239642,70.887633,73.135647,34.013674,52.647714,11.412820,22.523259,45.705059,47.115182,29.814922,76.563624,53.980565,33.953900,65.270274,36.778126,60.483792,40.235940,58.346185,55.237252,59.669976,15.726656,72.658609,50.681169,59.682498,60.009184,19.183782,71.240405,77.732686,66.876682,62.508927,23.716015,35.834696,34.494026,28.607453,43.977942,62.010704,41.225517,73.501179,49.114450,29.070476,52.132908,8.314494,11.173436,58.226295,46.316067,42.691545,36.350495,76.460358,27.605193,27.633610,66.265776,68.033221,36.288745,46.292617,62.956339,59.694582,62.496735,60.294688,30.670891,72.247656,30.763300,22.206242,21.195955,48.435005,36.049738,38.823378,17.798420,40.163705,27.903340,88.463196,31.580731,62.755604,72.156724,48.697975,32.793599,29.531229,43.788104,59.738613,61.892616,58.084254,20.007631,78.816734,32.383422,12.002127,68.596719,75.306556,76.975573,16.835662,59.006255,74.836819,53.989349,56.540246,42.690767,87.230013,24.400078,59.394867,56.960818,52.234579,53.151346,67.700061,30.715179,72.023658,68.043806,70.309191,32.049197,48.180986,65.194661,8.553048,25.508214,54.844659,56.022092,19.686830,71.842949,10.665377,38.871133,47.210847,69.067110,73.706933,44.456956,55.165857,20.565414
22.056862,18.224315,22.777692,36.849781,19.575026,29.581206,32.229317,44.635262,49.147455,35.831620,0.000000,47.686269,30.895312,39.750520,20.423211,31.620068,34.928793,47.773816,17.278793,30.716759,53.066493,43.770453,20.836711,50.650388,48.375899,33.451208,30.379498,42.377400,56.405692,9.029073,35.522334,5.905094,43.073744,34.968703,45.553998,15.685420,44.968477,41.394573,24.641984,34.505457,12.937327,39.883888,20.487373,54.712055,48.800796,34.657056,40.832317,15.799517,25.903665,43.262967,3.903400,43.163956,35.031536,16.046380,47.537694,60.544555,39.053962,40.061663,57.705519,12.867334,51.867293,40.288587,41.961418,69.394738,23.191070,34.918175,54.982716,28.974918,44.582371,33.849357,27.719816,22.249823,62.239628,54.425189,65.397432,28.859383,62.159083,30.025158,32.054825,44.204951,40.611137,39.053445,46.183692,70.569938,27.192430,31.981050,35.852667,33.939351,54.839783,51.845832,30.325478,1.881402,29.670169,4.785540,49.411730,64.487874,45.528417,19.890051,69.628391,47.205669,43.125441,42.120381,70.500634,26.245617,54.365641,37.342721,45.290299,31.319067,26.878686,19.896727,0.085203,5.056707,22.488896,29.173325,67.726589,31.326557,42.915504,31.009940,8.809338,50.045487,41.321577,25.296419,26.477097,24.099962,32.408819,26.646292,48.359014,46.172760,14.156611,46.961211,40.846416,27.718781,38.081821,27.473128,50.595581,55.138479,27.906607,45.256035,54.793763,62.733454,56.062844,21.385344,19.799163,32.213511,10.155677,20.347003,9.017421,51.537231,56.035332,5.318308,33.506786,36.912965,12.997190,37.679975,45.991907,36.853825,44.637144,40.432495,45.554944,52.430667,48.078569,29.324485,29.915567,33.429616,39.876904,46.247545,37.197499,60.901779,44.759504,62.677458,51.908260,11.945292,57.336165,58.914473,65.756124,21.436106,31.992732,17.385998,32.112128,64.201635,53.883556,33.346650,35.553053,53.416793,44.861546,29.399882,29.250320,61.138283,19.139537,55.772674,43.131460,43.994684,42.432698,17.015319,21.585313,40.403516,39.047669,9.130720,36.800774,44.318893
63.284951,33.098880,48.024278,44.982353,66.134919,34.020072,37.734195,12.751132,50.182755,73.398160,47.686269,0.000000,71.997086,13.121162,59.792840,54.027035,24.890578,39.850778,41.333588,76.278602,5.388410,47.687360,65.440644,20.870190,88.543052,80.063745,65.538263,26.146902,100.621905,56.546809,32.567966,43.680884,14.726611,32.004948,43.003687,43.058423,45.109647,88.481444,63.518494,43.782135,59.380292,72.503746,66.089034,53.883434,1.432084,42.066357,16.381315,37.556979,22.598231,8.699632,51.581809,23.125904,45.622565,34.815450,19.999595,82.097800,36.899335,30.991724,69.286146,46.941904,11.165902,79.378644,82.186002,59.737815,27.586944,76.880812,93.095274,76.655070,41.383232,71.109656,26.537767,46.216499,65.288574,26.088321,65.621622,71.113916,22.111428,44.994060,75.293305,55.812906,12.588234,57.544679,93.461281,75.035267,61.987978,78.576764,82.090445,29.265849,74.124160,4.439533,19.463335,48.812125,45.419627,51.442019,27.993563,78.988090,89.331645,46.132886,64.400079,88.452539,10.057306,88.005397,66.004813,27.287740,92.077468,57.435882,19.596805,35.035502,44.624104,66.795322,47.756623,52.624068,70.123874,74.882681,57.843802,78.105512,69.410148,74.885390,55.925714,41.153858,81.251259,66.685842,23.254028,67.606202,78.964677,73.973892,6.358166,63.834935,46.746364,13.862478,7.119974,75.103144,84.499882,46.072291,31.146032,34.575824,23.317277,59.690929,17.996604,104.040608,95.589215,52.202988,59.954348,41.388455,38.530667,56.092042,53.380768,96.585836,24.326746,52.611810,66.213474,50.607694,44.284644,85.294865,92.563958,83.685913,87.400983,12.941847,89.490204,93.222057,14.200472,77.008215,73.330741,49.875766,34.826303,13.687325,63.370105,49.569365,11.468287,59.167135,37.908988,54.660582,16.943677,88.850272,57.677137,45.064800,21.545145,39.304598,35.388522,104.089707,16.504386,52.421787,52.981303,99.256455,39.211784,38.482065,70.695599,93.752176,38.133196,44.879852,87.577777,74.952714,73.897458,35.201089,63.655086,71.314144,28.926120,46.818537,79.177214,67.968069
9.161872,48.505193,25.616525,38.590360,15.622179,41.438905,40.370485,64.515025,47.850701,7.270562,30.895312,71.997086,0.000000,60.659297,42.812039,25.598466,50.932335,53.265685,48.007327,11.246946,77.205423,43.544059,36.051987,66.714562,17.581652,35.761682,10.279175,72.633135,28.876558,24.221254,66.345141,36.789465,62.326786,46.425119,48.804746,28.940243,46.715306,38.183825,45.370601,37.453209,30.671060,60.520401,33.809194,52.050805,72.762696,38.940672,69.484407,46.636547,49.676288,65.169557,28.251829,58.312595,36.415167,37.460219,76.771897,38.783305,69.948023,70.776896,44.616742,25.254598,72.309605,9.554873,11.093743,67.582080,44.411087,4.930745,24.114299,23.908924,48.869869,52.397039,46.151194,51.995001,53.947413,68.329246,58.099238,2.751783,90.102481,32.861066,5.171860,37.629284,68.288113,66.927200,28.819212,58.878082,12.099990,15.812957,38.510370,47.504151,36.568204,75.447386,52.554438,29.023857,59.745420,31.137771,61.863287,47.081141,51.166207,49.639934,64.834708,16.788765,70.285280,43.604552,64.983694,56.205942,23.553929,64.999186,74.544175,62.211098,57.027730,16.650875,30.884748,28.828751,21.360099,36.710310,66.525378,33.982513,66.701045,41.862523,23.291885,54.952689,10.426474,5.693082,55.022698,39.230899,35.453845,29.080295,74.513716,33.169642,25.297601,66.140605,66.185421,29.026103,39.169496,57.363051,61.434943,64.656865,56.940936,35.628397,72.645027,32.563872,25.234092,20.636607,41.765639,37.520106,35.481669,16.045861,34.125478,25.622715,85.347303,26.176541,55.909646,66.364826,43.407029,26.294435,25.042652,36.683869,52.503058,61.194541,50.912455,21.892047,76.172559,25.199523,4.948503,62.790652,70.753898,74.316565,21.757214,62.784375,72.340949,58.818882,59.035888,36.462697,84.905803,31.384591,63.961202,51.446067,51.450472,48.264981,63.006790,33.522854,72.273300,62.056650,64.325209,29.206216,50.592332,60.229980,1.663945,31.831683,50.032900,59.323295,16.606077,64.811030,17.780410,36.861801,40.315789,62.114681,69.618341,39.030888,47.898443,26.724440
52.318899,29.326961,35.840977,31.862023,56.633133,21.115800,24.658238,5.030914,37.586899,61.414556,39.750520,13.121162,60.659297,0.000000,55.296290,41.204528,11.773928,27.800051,38.181610,66.041748,17.459316,34.761240,59.411087,13.637826,76.658733,73.127638,53.476283,32.754371,89.504768,48.036533,36.021973,37.000642,4.387396,18.886863,30.425368,31.951742,32.369703,81.144467,59.395256,30.674018,52.368076,70.717249,59.625910,41.662492,13.306803,28.950246,23.042351,33.620562,14.023654,4.703981,43.487841,11.451454,32.514649,24.808224,29.378546,68.977833,41.124508,36.223525,56.376171,36.268635,12.203702,67.483023,70.424841,49.316814,17.120949,65.585853,80.827995,68.130632,28.777630,67.850483,14.510063,44.327426,53.007014,18.974038,53.702325,60.051468,35.042283,32.077732,64.344489,42.725665,19.032206,58.683947,83.991415,62.835691,50.026832,68.786571,75.428305,16.151291,61.008163,15.372556,9.429858,40.495034,45.775977,44.093025,17.958849,66.038797,84.063329,43.572446,53.298533,76.771336,18.326678,81.604545,54.832457,26.523657,79.769203,58.128626,28.138197,36.815182,44.240502,57.466751,39.830296,44.806896,61.494378,68.486824,47.381649,71.034682,69.217749,69.375861,47.139224,29.390782,69.456878,55.598478,21.066323,62.078603,72.066158,66.386691,18.372334,50.713778,35.839468,7.565537,11.513213,67.444685,77.723148,45.712490,20.924420,25.229520,22.448888,46.580729,15.548800,92.170930,83.499832,40.340458,55.230484,28.327815,29.765071,44.616570,46.918166,85.800295,35.689699,44.108228,64.077618,52.324544,39.822630,76.423963,82.544888,76.583810,82.576471,0.701639,84.160698,81.381609,24.689828,68.652633,62.483567,50.725846,39.565536,23.437964,50.523967,38.960027,20.715896,47.562985,26.954413,48.794891,29.736836,75.895103,46.829066,43.035854,9.216180,36.128267,37.427198,91.966407,14.424416,52.862899,53.944201,88.767880,26.757556,39.393064,59.470597,80.922089,35.520621,33.834624,76.714457,73.762264,61.219350,24.721862,58.509183,69.970707,33.988517,41.223830,74.373944,54.927550
36.179090,26.735332,42.877405,57.272874,27.324212,49.415273,52.425597,60.325510,69.569876,49.466415,20.423211,59.792840,42.812039,55.296290,0.000000,51.271699,53.276910,67.791265,18.658273,37.006609,64.850502,64.193442,9.079575,67.795761,58.216504,23.536836,46.364653,45.045950,60.915171,20.093646,35.739276,19.465885,59.253713,54.540778,65.835225,36.108211,65.341868,32.192950,4.321938,54.926469,12.213722,19.654260,11.263227,75.135259,61.125578,55.047851,48.004677,22.259747,41.498457,57.782236,19.222541,61.162972,55.448049,35.028765,52.630600,78.163216,36.625638,40.599070,77.336805,32.986933,66.625582,52.124517,52.626017,89.754290,40.862666,45.172894,65.715192,27.333475,64.799207,13.520333,45.944346,16.195348,82.494679,72.210010,85.738140,40.149668,68.502076,50.428292,41.502634,64.337935,49.507219,25.058523,44.952469,90.584246,43.967411,35.587911,24.582222,53.101389,73.330903,64.223990,46.234152,21.347489,22.654719,16.125276,67.928815,83.422945,29.601889,14.971087,90.051254,56.210679,52.460417,29.542166,90.917979,33.083623,65.447589,23.056972,50.594853,30.902729,20.856905,26.517159,20.348474,17.597840,23.964758,17.494195,88.064523,22.302292,24.156768,15.606617,21.602017,70.080265,52.331353,38.339133,36.538864,8.984803,22.474252,21.120261,58.423187,65.491594,34.307789,62.852957,52.682709,22.228842,27.064457,20.243200,69.507221,74.200750,36.671526,65.071229,70.843176,70.061351,65.593666,40.669229,1.065491,52.600495,28.936663,38.231103,11.565044,55.273069,60.127021,20.773151,13.711445,26.635371,15.615008,35.404807,47.210160,27.209714,27.613749,55.997256,29.785277,61.240397,55.387860,26.750498,39.649549,23.314576,38.498054,53.801668,55.480484,81.074212,53.275474,83.100633,71.569105,8.519722,64.644890,73.833283,86.132414,16.749156,49.229727,20.601073,31.305006,72.702413,69.707204,21.542600,23.656834,55.492583,64.924905,27.213492,41.232191,74.642989,22.011859,75.850592,48.913812,23.885230,58.301859,36.358875,4.752417,20.501657,40.696162,14.364783,19.384814,62.558580
21.602391,42.192488,9.303997,13.214635,32.152460,20.092727,17.157432,43.891699,22.593273,22.930871,31.620068,54.027035,25.598466,41.204528,51.271699,0.000000,29.780853,27.826480,46.421436,35.476937,58.656879,17.997929,48.532306,43.754095,37.677875,55.107205,15.588495,63.122023,52.787145,32.067593,59.931306,35.551713,41.534620,23.577794,23.240378,17.658939,21.116849,60.105322,55.185216,12.543167,40.486172,70.923589,47.050247,27.306542,54.415970,14.264832,56.857313,42.794927,34.690310,45.905844,32.060557,35.634300,11.169824,25.371607,64.522215,31.022533,64.724436,63.252180,26.113916,18.814548,51.361189,28.925608,32.244635,43.018341,28.846026,29.991056,40.499228,44.805499,23.400864,64.074933,27.808224,52.717712,31.939856,44.363240,35.632412,26.571440,74.881110,9.216939,30.635549,13.763683,54.355292,70.131319,54.148710,39.399377,13.633389,39.763848,57.981529,25.590518,24.139846,56.573593,35.526192,30.262313,59.280161,35.261245,37.735518,33.098839,70.155715,50.501140,41.308255,38.550443,55.476722,64.011309,41.790592,47.741891,39.344493,68.541643,62.510207,57.157097,56.539298,33.526675,31.676172,33.674462,39.456167,53.592239,41.761922,52.949408,74.508611,57.528564,30.431891,29.418327,31.200189,23.081145,44.193713,52.168803,54.418489,47.377170,58.143156,14.643922,17.585747,44.913000,49.794435,47.877608,59.404966,57.469822,36.808012,39.569821,46.555993,13.816349,50.173371,52.802710,43.639162,10.661716,50.467602,13.609740,28.027979,14.420160,39.789003,50.546344,72.667284,30.531416,64.813937,66.976368,43.396103,50.044019,50.628960,57.237218,70.471380,41.563422,70.021009,42.387164,62.084808,45.921214,29.625200,63.718848,64.641841,60.347918,9.345232,37.341030,57.874981,34.731036,33.676031,42.850762,69.470969,34.928955,39.308910,51.659469,32.505796,45.569074,58.029364,51.873006,50.110354,64.137969,66.234922,54.468152,25.278310,56.780886,25.240107,39.730978,46.767572,33.729799,41.850825,75.152265,20.123880,23.842928,51.114730,71.693234,61.480093,40.413795,63.894769,14.895175
43.188303,30.260453,25.447825,20.112865,49.158333,9.826177,12.931261,14.126961,26.933034,50.907829,34.928793,24.890578,50.932335,11.773928,53.276910,29.780853,0.000000,18.617900,38.625482,57.518216,29.127572,23.494740,55.661112,16.345008,66.164829,68.042127,42.948746,41.140650,79.772271,42.035580,42.117184,33.882279,11.785075,7.181359,19.993949,23.435720,21.538637,75.488673,57.569772,18.902282,47.860984,70.718291,55.415238,31.578814,25.065699,17.176536,32.327081,33.795726,14.016972,16.379141,38.222294,8.290427,20.742825,18.882448,39.451453,57.223734,47.403988,43.512363,45.018123,28.117610,21.733202,57.032928,60.108073,41.661146,12.449582,55.849911,69.895870,61.472670,18.349574,66.561509,7.339479,45.439549,42.644901,19.540095,43.862322,50.661572,46.684110,20.575681,55.026617,31.069090,28.752080,61.675701,76.064154,52.496058,39.670796,60.721348,70.574391,4.377818,49.269008,26.967111,10.701957,35.158941,48.755330,39.654286,14.655590,54.595230,80.432892,44.119561,44.610543,66.502450,28.819437,76.893212,46.014537,30.598192,68.796028,60.763896,37.877595,41.612466,46.692804,50.169800,35.013788,39.785856,54.880175,64.072331,39.738845,65.857172,70.698200,65.839156,40.853618,20.652536,59.109088,46.252441,25.121931,58.749046,67.043605,60.779160,29.886048,38.950398,27.375887,15.359733,22.211708,61.734539,72.704776,48.085918,16.363606,21.135545,27.233756,34.862865,21.788847,81.625394,72.750916,30.305326,52.986655,16.615137,24.895313,35.009150,43.292621,76.448106,46.530704,38.318316,63.968722,56.070320,38.823455,69.238353,74.046597,71.254116,79.409089,12.014756,80.468302,70.912070,35.475310,62.166317,53.311122,53.834126,46.302376,34.007309,39.030877,31.493219,31.299571,38.300055,19.952613,45.701202,41.331534,64.246471,38.672954,44.115372,5.796312,36.756704,42.369117,81.154051,21.349352,55.518117,56.989367,79.710811,16.774992,43.290314,49.894973,69.393730,36.746270,26.019360,67.353804,74.221978,49.892222,18.036473,55.699917,70.398061,41.331889,38.927869,71.408925,43.208087
47.874503,47.770957,29.570694,14.676253,56.816931,18.405499,15.657000,27.127654,11.104668,50.658426,47.773816,39.850778,53.265685,27.800051,67.791265,27.826480,18.617900,0.000000,55.529418,62.439525,42.638332,11.347776,68.306265,21.556340,64.965393,78.475424,43.407935,59.542683,80.501792,52.691274,60.720983,48.541767,25.143681,13.794465,5.014558,32.795732,7.668662,84.823656,72.102185,15.981612,60.038866,86.442173,67.531890,14.040760,39.507371,14.775157,50.361088,50.769226,32.315943,31.341042,50.212989,16.730639,16.857185,33.004720,57.091345,46.085049,66.008986,62.104035,30.816453,37.128493,32.179761,56.532409,59.889889,23.248043,29.189339,57.778299,66.713855,69.786080,4.431622,81.310336,24.226388,62.479395,25.446746,19.497291,25.906363,53.962328,61.858878,20.967921,58.180763,20.475802,46.541849,79.346098,81.354305,35.187020,41.171933,66.440952,81.235310,16.154006,38.166506,40.342130,29.319748,47.370190,66.594244,52.502105,13.535867,40.524637,92.377955,60.881223,26.006324,66.094261,46.099274,87.543899,27.435412,49.041020,65.472566,78.281523,55.722325,60.061169,64.352398,58.074365,47.856127,51.937435,63.637906,75.556122,21.359000,76.247401,87.447933,78.323786,51.204260,2.295464,58.843558,50.069322,43.646795,71.731561,77.602878,70.777007,45.797965,29.336021,35.938996,26.542606,39.287025,71.535436,83.064513,65.684238,11.109596,12.222119,45.808542,24.607325,28.011124,79.596601,70.245556,34.429887,67.306010,16.808881,38.948653,39.525106,56.755333,78.372253,63.452498,49.617398,79.747120,74.101165,54.817272,76.255137,78.176676,81.220685,91.927029,27.664077,92.336935,69.578518,52.483929,70.730899,56.970729,71.650738,64.920242,51.233410,34.885967,13.485253,48.508468,19.862864,5.905982,59.556881,56.786074,56.658730,20.109146,61.176103,24.413176,53.835851,60.837851,78.073266,28.623029,73.117579,74.739193,82.282606,2.962592,61.513831,52.750856,62.739345,54.121089,8.088542,69.656081,90.228817,45.801632,31.538790,69.356597,86.445317,59.913655,53.922377,84.364528,35.998639
39.303796,8.855637,37.123996,48.114246,35.132494,37.572807,41.552613,43.133287,59.860261,53.109434,17.278793,41.333588,48.007327,38.181610,18.658273,46.421436,38.625482,55.529418,0.000000,46.391463,46.301715,54.724673,25.645033,51.379360,65.340770,40.877510,47.511847,27.753603,72.052780,24.406805,19.401151,11.627999,42.391296,41.739482,54.727763,28.833248,54.913332,49.608321,22.206551,45.729480,22.148108,32.581543,26.933905,65.407192,42.693441,45.268210,29.473383,4.829861,25.240194,40.077803,19.797631,45.739048,46.788435,23.337681,34.619755,76.685485,22.174870,24.252072,71.803327,28.122117,48.839764,57.474516,59.007086,78.576622,26.502317,51.805831,72.121620,41.050695,53.402873,29.946386,31.676772,6.958687,74.503833,56.239057,77.099811,45.838701,50.340065,42.312992,48.709639,57.409165,30.851146,24.326201,59.212070,83.578820,44.200467,46.691661,42.424344,39.619389,70.418820,45.772958,29.807712,19.155568,12.883979,17.240624,52.863655,79.480544,48.250291,5.511029,80.083211,63.997648,33.802183,47.854764,81.201948,14.425761,71.541766,23.019576,32.489458,14.746326,10.121955,35.037989,17.274925,19.485298,35.561217,35.121537,76.744036,39.231543,32.086755,34.145935,24.957946,57.798991,58.413100,42.479371,18.163692,27.082890,39.767468,36.355430,39.768541,61.011743,29.170782,45.708781,34.260094,37.549130,44.912862,11.073837,54.920362,59.708127,18.074693,59.273929,53.615709,79.282277,73.029575,37.202196,18.964963,42.918575,18.660520,37.167593,16.018966,66.836210,42.562022,21.847483,25.906979,20.555307,4.854121,49.899885,60.158936,44.613187,46.153844,38.868682,48.439270,69.232162,36.911006,40.930854,46.587776,17.349892,23.317817,35.274774,53.284507,69.006040,34.647592,73.204882,58.246083,15.671821,46.244344,76.023734,75.178390,5.675463,33.662563,2.070701,15.443037,81.025054,52.374455,18.111740,20.052640,68.099950,52.918886,12.256078,46.349572,78.396381,3.381217,63.549066,58.986042,35.807659,59.460570,25.016066,22.897864,31.987204,23.750017,9.312088,37.963868,60.282784
14.682769,48.932268,33.361293,47.906731,11.289430,48.634202,48.411253,70.335770,58.045461,18.044808,30.716759,76.278602,11.246946,66.041748,37.006609,35.476937,57.518216,62.439525,46.391463,0.000000,81.625684,53.437496,28.927743,73.749931,21.476156,25.381728,21.060880,73.006328,25.747064,22.136979,65.624356,36.398997,68.301438,54.008070,58.266879,34.254323,56.379703,27.019004,38.705339,46.458793,25.786174,52.796083,26.543876,62.529742,77.204742,47.757064,71.378843,46.160250,53.682103,70.297577,27.185264,65.392124,45.674935,41.541033,78.226235,49.561392,68.538785,70.345132,55.847980,29.783989,78.088409,17.418903,16.693126,78.176958,49.077273,10.067485,29.130480,13.487006,58.138530,44.474961,51.800675,48.999801,65.015045,75.982436,69.130936,9.237196,92.579285,41.545898,6.613403,48.257122,70.820494,61.985268,18.944534,70.115506,21.918125,4.568827,27.992950,54.600702,47.750009,80.076209,57.235170,29.048984,56.761416,29.217214,69.739529,58.229861,40.537417,46.772180,75.716458,19.274189,73.139199,32.701439,75.930210,56.962285,29.041782,59.994492,75.977788,61.106891,54.220143,11.379043,30.676543,27.070698,13.219317,27.340138,77.034088,23.834119,59.824847,32.741567,21.952113,64.286160,16.730786,12.429155,56.883483,31.565945,25.237897,19.594088,77.951746,44.307163,30.304753,72.225077,69.923545,19.252283,28.387273,54.269959,69.686970,73.280871,58.484031,46.543380,79.269752,33.332753,28.646587,28.280957,35.942800,46.019846,38.020291,23.161716,30.835485,20.829785,86.741619,25.414626,49.013648,62.567992,41.551337,15.082257,16.545594,25.858446,42.159432,66.640689,40.253769,24.239748,78.489789,14.768304,6.326193,59.027829,69.700476,76.640734,32.804789,72.806376,74.962761,69.544593,68.037304,32.431416,87.608012,40.575157,74.512655,48.723182,57.024040,47.122042,61.825443,35.730348,78.725247,57.826465,60.058588,23.021833,59.635136,58.533232,10.796501,39.664159,48.984303,69.005713,12.594904,56.966500,28.709512,41.381886,33.605263,54.671318,69.507308,37.079568,38.378317,37.969915
