Traveling Salesman Problem Specification

Visit 200 cities. Distance table:

0.000000,68.292830,42.811974,38.059896,48.263411,34.067349,80.732241,45.507836,77.752837,35.716262,77.798104,51.839827,38.074725,97.590164,64.088577,11.573153,66.845031,73.888849,77.424050,41.543995,83.038432,24.387434,38.208706,56.898278,8.190490,33.234112,69.566981,50.292904,28.649956,91.436987,26.262717,25.864045,46.148444,23.255475,27.581537,12.455981,82.801497,43.345332,32.418864,80.451192,46.019770,95.656764,17.545336,23.533509,49.908842,56.450782,85.999710,26.089037,67.587367,40.921945,68.968452,33.377294,67.812760,81.974939,42.537896,49.372873,70.496457,60.905616,64.368549,72.481438,55.907311,43.355700,59.944687,94.691451,69.069565,88.549055,75.779767,58.327982,89.001279,78.546987,28.762568,69.126528,55.070104,18.794938,46.799796,55.497006,35.609845,99.338160,56.721070,43.124343,36.424784,49.742629,25.439119,63.915468,64.983621,43.277486,58.036033,35.660851,46.013646,30.083238,51.176998,87.295626,39.212078,51.704134,36.848345,50.843988,41.373789,52.357872,39.311732,73.341751,59.382961,26.455022,91.363054,58.419877,48.302879,42.661094,45.387432,74.976363,48.002253,83.726214,30.776662,51.578072,80.812396,84.548565,40.090258,59.854139,29.635270,8.287923,36.935501,81.446969,69.364414,44.191587,68.089122,63.794102,95.663766,59.884552,92.440586,78.656219,38.310495,85.873807,14.839301,35.452723,93.258106,60.666262,77.842337,70.859643,64.179625,28.151613,34.822611,42.725210,23.602565,98.731120,67.938795,20.222157,36.505079,47.516255,26.520747,59.892634,49.060002,14.276161,40.576093,58.569599,43.783911,28.093991,26.336419,48.476443,47.477389,75.171195,65.539218,33.830744,52.927516,12.048110,52.112687,36.072385,21.243843,22.868682,38.964339,44.821434,10.927776,33.534231,23.824812,41.857551,96.834115,62.406500,42.677341,48.731279,46.776099,49.173394,59.602041,8.564285,33.007670,68.459615,36.040223,87.749814,79.250379,11.919933,82.979246,54.973521,37.292871,12.750400,2.512335,84.385868,57.425676,42.068827,62.284605,79.784947,26.004950,66.673070,57.655353,64.414753
68.292830,0.000000,33.227098,46.185519,68.535385,73.710461,30.567816,81.286393,9.592489,85.152110,21.519247,50.011595,75.195017,61.867232,32.625993,60.469499,47.126171,13.731565,12.552213,43.845310,40.488187,74.167096,81.462043,87.942797,63.108670,83.529587,24.347375,71.056023,39.867915,39.161664,52.878244,71.855661,63.993954,66.287833,40.732794,61.206647,38.069816,26.156233,74.150555,43.232786,63.674101,56.298184,78.445182,66.870514,26.994382,58.234846,32.071033,61.374384,33.312658,28.283223,23.309454,67.312412,61.503967,21.077155,45.077519,45.901970,20.134267,58.684397,16.725149,23.686506,24.627706,26.150577,39.701998,41.595105,2.678775,21.889585,8.706002,59.404832,35.361364,29.640119,55.799867,39.879842,47.518570,49.502329,29.367849,41.606422,50.189458,60.420205,64.267990,33.255534,60.949904,60.430564,52.797300,36.911545,14.924332,49.355563,85.303360,74.427839,83.363429,74.198343,32.440612,21.222275,60.466713,61.140526,37.462629,38.756310,53.355403,82.448638,54.174638,29.323207,24.229414,43.855926,27.525609,89.721865,90.910464,58.921499,73.528183,8.148459,65.880987,15.994013,54.420949,29.507912,13.237658,61.396422,28.525451,22.519373,82.517717,63.170144,68.755996,17.479661,47.768732,68.402413,34.952047,11.393983,60.911987,41.359109,58.673580,14.044802,52.375755,22.679649,61.397796,57.926046,40.969702,50.770346,53.819790,5.416299,25.909321,80.961859,76.612804,70.578462,70.511699,55.818473,5.118761,51.632712,31.790339,43.011638,69.203419,8.465418,52.613827,63.801336,41.704015,77.245341,33.379926,44.416669,76.619349,38.600642,45.023596,11.555321,74.454803,38.019080,18.832750,77.925104,54.903604,74.086392,57.867304,45.429416,35.575933,30.813702,60.502968,44.740176,60.545123,79.504112,52.232663,47.115474,41.785348,20.037312,55.831479,80.859894,33.433657,60.882097,35.893920,41.008549,78.245283,40.416573,27.177772,60.115162,19.242186,13.556591,71.795302,57.336968,70.126471,30.472492,30.989436,41.990208,15.304609,34.624652,45.178034,30.542068,34.042930,12.255012
42.811974,33.227098,0.000000,13.040923,36.564766,40.538964,58.424553,48.206955,41.036149,52.227703,51.320078,21.583837,41.969442,57.743265,49.907528,32.278372,29.316028,33.445265,45.381895,42.708392,40.748717,41.980280,48.271006,55.590185,40.852198,50.751203,48.171933,39.252210,17.637722,48.626228,20.841044,57.087793,31.965765,34.067824,19.718199,41.083305,40.240896,23.051810,41.068924,38.940518,31.642916,54.706231,57.700078,52.088241,7.566410,30.280127,61.882177,48.742087,25.332678,22.082194,26.331840,34.104711,38.124067,40.620776,12.911221,16.874402,28.307322,32.683744,39.556899,29.883445,13.328727,10.848972,52.066040,51.880636,35.192886,55.078671,38.053131,32.010725,46.219881,56.714917,22.968774,28.301240,21.491936,26.281500,4.391957,17.828154,44.358499,58.698605,35.193906,0.412592,27.777704,29.633795,21.027586,22.799182,38.908972,17.409070,53.401414,63.657189,50.245763,41.295618,9.044294,47.525962,55.146472,30.865742,5.982001,45.170922,50.737537,49.959112,21.301901,30.539914,40.597336,28.485190,60.565984,57.412784,57.702483,55.860615,40.778704,37.212569,34.086826,45.693466,45.159177,38.039016,46.343022,48.196369,19.834986,39.742029,50.118026,40.984038,60.220652,41.190969,31.481185,35.774756,53.994308,24.382678,55.986858,21.154246,52.841215,39.044198,48.042703,55.447187,42.651214,51.010579,50.452740,27.149688,40.288366,37.847388,21.371926,48.654382,64.763157,37.683493,38.299963,57.138270,35.599717,22.844691,16.527047,46.260783,55.395926,25.665116,54.748720,33.830540,8.776034,46.520121,34.308330,31.650154,44.272768,43.291328,15.076467,43.810456,46.345463,28.703228,28.972258,49.525103,25.733136,40.866598,42.670457,23.739170,3.851288,32.551501,32.631483,11.983115,28.351394,46.307852,54.850764,26.106418,41.676139,15.784078,24.601811,48.104205,47.406489,34.296649,22.183681,28.092559,45.071762,45.112486,55.563620,39.426802,42.463949,24.344496,38.575305,36.101238,45.164988,41.702501,15.027946,9.549647,36.754813,60.455200,16.817089,50.229033,46.468436,36.689147
38.059896,46.185519,13.040923,0.000000,24.134813,27.920442,71.099144,35.166966,53.679799,39.983436,64.243677,14.729722,29.064161,59.540904,61.291052,26.521961,28.792748,45.093361,58.409094,50.231326,46.263149,30.907534,35.561352,42.759701,38.660277,38.726542,60.578890,26.887502,21.761486,56.150092,12.052490,57.536700,19.605326,23.285857,23.700339,40.243414,46.506702,33.673565,28.656589,43.012236,19.289764,57.800929,54.846833,52.964753,19.552209,21.846839,74.736685,51.008322,31.277210,32.091823,35.887170,21.405136,32.119141,51.440391,4.478490,11.430916,38.676910,25.536721,52.165058,39.375845,24.095434,22.846447,62.361103,59.344431,48.203708,67.979827,50.545096,23.808199,54.395679,69.321498,11.835005,31.576415,17.257548,26.263994,16.853295,17.555461,50.032136,61.384778,25.196400,12.967069,14.764572,18.559042,12.753246,26.720976,51.636952,6.738224,40.802686,65.514216,37.211818,29.209454,16.532687,59.146264,59.917617,20.189235,10.897409,54.589032,56.900161,37.088857,8.430756,38.401511,52.384379,32.813919,73.586677,44.594722,44.729988,61.417950,27.825498,49.713004,21.856764,57.965054,49.353450,48.670643,59.222163,46.842513,29.800081,51.709611,38.584553,38.822286,63.291079,52.715959,31.308414,22.909589,65.502548,36.793730,57.608688,21.980149,54.385809,50.923823,53.857169,68.484292,42.431347,55.531594,57.804745,23.131895,39.855946,50.874666,30.254526,37.259632,66.058708,24.679947,27.327640,61.123700,48.640637,18.569205,25.290346,54.725004,56.458531,38.706015,62.145323,25.964795,4.600096,34.727221,43.621577,36.504458,32.928326,52.450580,9.446317,56.850758,36.325957,35.742353,41.036924,41.886251,16.910215,28.072298,44.403120,25.667196,11.776800,42.367704,27.135313,5.798306,18.034350,33.319714,59.515012,24.400684,49.649731,28.501699,13.580761,35.129921,58.324954,29.729002,29.271563,30.743686,32.422556,51.538843,68.326961,38.466320,53.814391,37.162520,25.641769,35.311601,40.567070,50.496254,22.168823,5.060257,49.373452,72.846176,15.667109,61.996038,57.144359,49.527153
48.263411,68.535385,36.564766,24.134813,0.000000,17.946225,94.986850,15.880564,74.885701,28.549561,87.783472,20.136488,15.309129,61.212489,85.377909,38.181551,33.825311,64.558030,81.038392,72.616862,56.039416,27.980645,21.791273,19.455069,52.565546,28.860242,84.622886,2.771527,44.087221,67.975651,26.894028,72.760411,4.600748,25.221110,45.684647,55.634041,57.420529,57.715467,19.930288,51.077608,4.923949,61.972074,65.644246,69.070473,41.611020,15.857957,98.403419,68.834629,44.626836,56.022517,53.036812,15.217526,25.143899,69.109517,23.751037,23.150156,56.629081,19.654722,76.098096,56.005293,44.386506,46.909151,86.101308,70.786483,70.799278,89.797704,71.453622,16.628314,67.454579,93.262758,22.351800,41.249637,24.107011,44.936868,39.614345,29.520383,71.083328,64.417725,11.519116,36.389704,12.851290,9.078615,27.803632,38.908784,75.473434,19.303170,16.860385,81.972670,18.059195,22.294866,36.271359,77.922972,79.762838,9.568882,35.000296,77.989962,78.079361,14.172209,15.801516,52.880511,76.519002,53.981355,96.043733,21.207051,26.181484,81.927680,7.220085,70.665340,2.736977,78.155806,69.183321,72.612933,81.059074,44.814122,53.755115,75.839076,31.189650,52.741150,81.255049,71.575747,35.855385,4.285380,89.605658,58.039079,59.212050,32.421002,56.298426,70.534468,74.862866,91.182430,58.281566,75.335366,69.193748,25.464289,41.170545,73.572421,47.434763,30.841318,81.798884,7.002315,26.379950,66.461757,71.608054,35.330463,49.069295,77.596984,72.520841,61.758837,84.143913,34.030493,27.831808,11.287334,67.132918,57.727397,28.118279,75.749048,23.637675,79.708400,17.392231,58.378543,65.147179,45.682105,15.688048,16.269960,62.214591,46.040985,35.882336,66.097252,38.998332,28.544338,24.935632,16.467739,66.196155,29.804619,72.334907,52.333092,12.808906,13.373900,82.307539,42.219242,52.276315,39.802105,20.205165,62.056359,92.124730,53.967610,72.299611,60.906772,13.316051,51.508380,50.537620,64.910353,39.511921,27.058493,73.297644,96.902948,36.355185,86.128249,81.056335,73.237598
34.067349,73.710461,40.538964,27.920442,17.946225,0.000000,96.295696,11.712007,81.520830,12.473613,90.386555,32.868024,4.010297,77.980423,83.713789,26.514207,48.717832,72.947429,85.651164,66.619547,70.048471,10.682682,7.770713,22.996865,40.120430,11.869641,85.242908,18.870281,40.400648,81.287242,22.198571,59.802932,18.588162,11.865507,41.307245,43.898621,70.965295,56.724428,2.022339,65.644429,18.681690,78.092837,50.539699,56.896845,47.447027,32.149803,100.497944,57.993412,56.631003,54.557422,63.073301,6.530416,42.631588,78.967680,30.361573,33.711797,66.160107,36.502492,77.522647,66.434827,51.931077,48.679571,82.621557,84.320387,75.569612,95.590848,78.436119,33.425864,80.141338,94.343606,18.264203,54.803302,37.179997,37.182861,44.636789,41.157395,63.308597,80.891511,29.171375,40.547359,13.884847,24.290411,22.685256,51.216150,77.318005,27.301343,23.973911,69.489443,12.727790,4.551043,44.082490,86.952822,70.241032,25.741929,36.472348,73.773595,70.130817,18.290559,21.292564,64.535679,75.973540,47.593625,100.834048,24.617908,18.126813,73.031492,12.418942,77.601393,19.203123,85.885357,60.157293,70.388532,86.870641,62.068476,52.548433,75.681617,13.455478,40.287049,69.950997,80.512009,51.044350,13.810126,88.023626,64.688681,75.966049,45.059180,72.928768,78.811648,66.844637,95.590375,46.643041,65.964662,82.730242,40.513750,57.573393,78.142877,57.336106,12.942381,68.826794,10.979147,10.466582,82.300395,75.721057,28.197060,47.580796,72.239520,60.143039,65.863036,77.074762,21.127859,32.520524,25.854418,63.667014,51.060425,10.291631,71.368622,33.060020,83.929927,34.636598,53.652492,65.664533,28.887932,29.976418,2.053447,51.787779,39.745948,38.206916,63.320975,27.276883,29.076924,15.638056,8.197130,81.588305,44.232147,66.859079,54.846750,24.804571,15.106598,79.976821,30.260018,48.710956,53.538078,4.534847,75.871937,93.839957,42.471390,81.547264,63.417502,4.636004,40.789817,35.992030,76.823576,49.060960,32.721929,74.824828,97.217924,32.315692,85.181976,78.405843,75.564927
80.732241,30.567816,58.424553,71.099144,94.986850,96.295696,0.000000,105.650330,31.628920,106.233044,9.393117,78.289149,98.612953,91.225003,18.608249,76.650976,77.448344,42.870779,20.746385,42.524582,70.113797,93.962235,103.961094,113.857628,73.482289,104.213585,11.305535,97.676653,56.767058,66.262503,74.134952,73.889644,90.389042,86.653753,56.497316,70.126897,67.509148,39.850442,96.237851,73.399497,90.066317,85.333633,84.933568,69.905803,54.242648,86.901387,5.747074,63.797203,63.863508,42.185596,53.834935,90.423329,91.415314,47.552726,71.298337,73.802423,50.492682,87.962913,18.942473,53.899085,53.700233,48.303262,26.553263,67.990274,27.893232,24.187280,34.500861,88.287619,62.490937,2.205324,78.093086,70.423951,76.448643,63.812357,55.660291,70.763797,50.233394,89.278218,92.596739,58.608197,85.299287,87.795589,73.725545,67.228672,19.520435,75.791136,111.808820,72.350927,107.530788,95.638463,60.626142,42.114388,56.583253,88.826310,60.625983,32.972768,49.250905,108.179292,79.523005,59.632661,21.406597,54.367176,19.306950,115.693578,114.325451,53.393210,98.869391,34.699568,92.507852,35.513670,55.940686,29.238320,25.768784,91.916798,43.979445,21.168426,102.305069,73.470307,65.763149,42.700556,78.221267,94.008005,16.354652,41.677825,90.468950,71.167779,88.473055,40.079803,50.220194,16.685458,69.097492,56.242443,67.802827,80.380197,84.384989,25.334994,56.360876,100.626708,75.139694,95.644319,90.578485,84.095125,25.776099,69.814391,48.894397,37.892423,70.884579,34.319407,44.215363,81.380595,67.161495,104.775717,37.021552,52.706753,96.588769,34.719335,72.511744,20.102271,103.311804,46.954482,30.631169,92.255461,83.021835,97.142811,63.429284,59.882558,59.367105,35.922847,76.375032,67.876732,81.305956,103.252825,80.367631,77.052623,40.631167,42.656613,82.861722,106.119543,23.061844,75.501047,49.293090,71.522203,100.697363,68.998433,3.424379,69.756703,44.007319,34.103166,95.438938,68.071354,81.805401,58.331449,60.563154,67.955695,21.727283,5.528145,64.375824,15.168384,25.049712,21.895172
45.507836,81.286393,48.206955,35.166966,15.880564,11.712007,105.650330,0.000000,88.414980,15.299902,99.206990,35.430567,7.952702,76.588347,94.013363,38.218736,49.701017,78.819946,93.568394,77.889001,71.887128,21.347446,8.820049,11.390565,51.786666,16.642837,94.799036,14.941994,50.887679,83.759080,32.404591,71.333160,19.201337,23.550331,51.997683,55.598229,73.217637,66.618689,13.134462,66.954922,19.458475,77.643642,61.512858,68.538930,54.393180,31.720518,109.566833,69.704270,60.042421,64.581052,67.872228,15.703115,40.246158,83.977689,36.390294,37.705892,71.300274,35.338506,86.736846,71.003023,58.069745,57.456816,93.414426,86.603205,83.350957,102.986081,85.127925,32.378047,83.129761,103.774835,27.968244,57.000103,39.593964,48.554272,51.919223,44.650425,74.840127,79.941790,26.848408,48.132633,20.474936,24.751911,33.051122,54.363600,86.368684,32.429212,13.106639,81.064888,2.221612,15.425724,49.939242,92.518069,81.934523,25.437675,45.087257,84.704995,81.701385,7.539762,27.140043,68.249461,85.878937,58.819017,108.737773,12.942253,10.389656,84.692900,8.788772,84.312830,18.369673,92.208125,71.807068,80.779734,94.215933,59.905693,62.464319,85.454848,20.132690,51.951966,81.638171,86.104249,51.734960,13.747930,98.317939,71.451923,74.605458,47.902855,71.775699,84.784917,78.414927,103.650558,58.342418,77.646419,85.008778,41.332782,56.826675,86.034901,62.170274,20.579668,80.325687,10.955408,21.984336,82.203465,83.805763,39.298377,57.519574,83.410787,71.754980,73.871556,88.552461,32.837585,39.588066,18.291991,74.354666,62.364641,19.988734,82.326259,37.702249,92.017402,28.409560,64.574096,75.126039,39.125093,31.328535,9.929154,63.495494,50.869570,46.525055,73.819795,38.984719,37.777263,26.771333,3.654188,82.023998,45.631237,78.029725,63.416479,27.468040,4.651086,90.452196,41.971569,59.286742,55.576282,9.706992,77.893306,103.029585,54.180001,86.954240,72.088252,10.455116,52.493882,47.318158,80.402282,54.012125,39.332910,83.981738,106.935491,42.724810,95.267255,88.962494,84.411702
77.752837,9.592489,41.036149,53.679799,74.885701,81.520830,31.628920,88.414980,0.000000,93.258437,22.279557,55.535380,82.727304,59.738354,38.517660,69.665076,49.988966,12.352876,10.882977,52.661394,38.896855,82.664149,89.216397,94.337339,72.673839,91.745822,28.711872,77.279445,49.226425,34.715498,61.332618,81.295525,70.444134,74.748688,50.172913,70.797633,36.206126,35.734599,82.098591,42.695492,70.131035,53.771795,88.036260,76.339498,34.138175,63.247629,31.388347,70.778465,35.489744,37.874528,24.887999,75.042088,64.972328,15.944626,52.024749,51.822879,21.046430,63.068320,23.140897,23.849806,30.508049,35.129981,46.386012,36.616912,9.704249,15.171403,3.647432,64.192852,30.918345,31.354709,63.944439,41.908333,52.523746,58.958034,36.884051,46.549492,59.285232,57.677211,69.463351,41.001854,68.352352,66.383040,61.326882,40.091863,21.315679,56.079823,91.421868,83.587276,90.544908,82.317854,38.651674,12.639769,69.302938,66.868282,45.791999,46.753514,62.048969,88.986084,61.303890,29.538628,31.426421,53.448175,22.445748,96.072099,98.289624,67.533056,80.345990,4.319982,72.176894,6.563545,63.702021,37.818471,7.018178,61.915224,38.103906,29.734279,90.942348,72.737041,77.782618,11.179975,50.158796,75.170986,40.009508,16.963066,59.069546,45.454747,57.230475,8.460827,61.280825,18.894664,70.987560,66.964872,36.318029,54.902471,54.931685,9.617104,29.136882,89.424865,85.838238,77.553191,78.989093,52.467013,12.073236,60.672424,41.254195,51.292702,78.610023,17.864010,60.683463,72.786208,49.102726,82.842612,42.428939,53.975793,85.056848,46.888565,51.252891,11.854632,79.041102,47.556641,28.028429,87.191652,60.439668,81.748470,67.402676,54.909176,43.783090,39.921778,69.732158,52.875283,68.992921,86.876162,48.742103,50.830002,50.563257,29.207441,62.078576,87.627615,40.211354,70.228230,45.476906,43.246607,86.045628,37.404243,28.262624,69.700289,12.649911,23.148812,79.292351,66.907347,79.620547,26.705498,35.864197,49.152725,22.636243,36.579797,54.165288,35.826553,41.154774,19.293641
35.716262,85.152110,52.227703,39.983436,28.549561,12.473613,106.233044,15.299902,93.258437,0.000000,100.870735,45.235867,13.433979,89.616706,92.506346,31.923342,60.911785,85.076234,96.830830,73.429996,82.437209,12.761755,6.881046,24.954143,43.206946,2.483778,95.025498,28.619445,49.555870,93.741723,32.525454,61.203990,30.251589,19.579610,50.078894,47.400110,83.396807,66.390980,11.367660,77.951528,30.399922,90.033443,49.673831,59.239578,59.363896,43.825949,110.703695,61.543238,69.104523,64.090008,75.449630,18.870829,53.693296,91.278896,42.692067,46.184573,78.475018,47.985728,87.724477,78.834647,64.076014,59.570488,90.511838,96.764468,86.884560,107.034016,90.269975,44.909632,92.613855,104.208883,29.356142,67.206676,49.552957,44.337401,56.447442,53.625869,69.058652,92.685773,40.068668,52.274580,26.339571,36.091544,32.777780,63.682209,87.677864,39.756623,27.841124,71.052757,14.299890,10.954435,56.342497,99.127168,74.463741,37.338435,47.696220,81.440561,75.544207,22.649915,33.730716,77.002700,85.402887,54.914050,111.959349,25.939032,13.005109,77.663997,21.666186,89.430658,30.388412,97.832839,65.110004,79.160438,98.372548,73.351147,62.253661,85.281640,6.264086,43.350528,72.650590,92.694025,63.186399,24.928363,96.790766,76.556769,87.608184,57.500436,84.634667,90.893629,72.307071,106.632838,50.053305,70.441599,95.173044,52.624738,69.357171,89.376830,69.720520,7.585077,69.893936,21.755600,15.769206,94.346092,86.846842,36.612033,57.348005,79.286320,62.141814,77.104297,82.916532,26.364582,44.565959,33.473250,71.989833,58.036704,10.179645,79.000803,45.523436,95.007759,43.394761,61.645438,75.719600,26.682856,42.106646,13.174021,55.989534,47.594273,49.584805,71.998367,32.518754,40.429647,25.028280,12.709260,93.759821,56.484959,73.978770,65.813077,37.114592,19.947384,88.507536,34.859247,57.506274,65.920693,8.586950,88.287282,103.961010,46.302008,93.771560,74.217708,16.353894,45.444570,36.971631,89.290034,61.452503,44.899767,85.103542,106.733739,41.866233,94.287674,86.805374,86.119639
77.798104,21.519247,51.320078,64.243677,87.783472,90.386555,9.393117,99.206990,22.279557,100.870735,0.000000,70.365648,92.447736,81.831981,21.141126,72.519252,68.614685,33.497996,11.414807,42.678278,60.728918,88.921205,98.126319,106.909564,71.051960,98.966291,10.514511,90.424395,51.993886,56.966046,68.433953,74.025263,83.185080,81.368157,52.043365,68.070075,58.119160,35.161874,90.488334,64.063123,82.861832,75.945046,83.881313,69.650597,46.475835,78.858252,10.754204,63.587277,54.814105,37.605868,44.650874,84.304752,82.830699,38.220392,64.032598,65.993525,41.234312,79.670689,13.502522,44.596204,45.358675,41.792818,29.773753,58.761782,18.843553,17.004675,25.108820,80.161487,53.181210,9.123209,72.122566,61.384317,68.271429,59.988657,48.193809,62.478356,50.324951,79.896803,84.700494,51.461408,78.745326,80.240632,68.118461,58.392670,13.238609,68.490156,104.643487,73.735687,101.161893,90.091326,52.635029,33.171405,58.163309,81.159566,54.149324,33.977539,50.648212,101.277674,72.603726,50.342131,19.404847,51.383633,14.975698,108.730704,108.238095,55.405229,92.065012,25.307197,85.232889,26.481100,55.779329,27.821754,16.716743,82.694983,39.076654,18.441869,97.330688,71.062054,67.299275,33.398650,69.286742,87.091001,20.753557,32.813648,81.077224,62.607132,79.090382,30.716265,51.020696,10.302204,67.390113,57.107249,58.533327,71.927854,75.237945,16.172375,47.423112,95.679103,76.387150,88.917466,85.422918,74.741656,16.992873,64.968887,43.779519,39.042326,71.069854,26.245311,46.835488,76.891904,60.095657,97.214854,35.146904,50.327163,91.514371,35.195727,64.837638,10.716508,95.225309,44.113624,25.451358,88.891534,75.175268,91.086657,62.237872,55.912679,52.685970,33.471989,72.332439,61.523954,75.842741,97.003635,71.019867,68.439300,40.612780,35.794147,75.402174,99.373573,24.701503,71.822533,45.249012,62.525066,94.858937,59.617065,5.992104,67.472693,34.749603,27.119612,89.181203,65.419127,79.119080,48.967107,52.074778,60.740321,15.889973,14.341775,59.126250,17.635255,26.403948,14.825946
51.839827,50.011595,21.583837,14.729722,20.136488,32.868024,78.289149,35.430567,55.535380,45.235867,70.365648,0.000000,32.147349,46.755615,71.295656,40.286888,16.207050,44.718636,62.556319,63.444620,37.201927,39.632527,39.260940,39.253865,53.153265,44.728714,68.689826,22.196336,35.722131,48.659772,25.617861,72.246354,16.238591,33.289921,37.771377,54.908445,38.222044,44.628175,34.349201,32.797587,15.974704,45.967810,69.012052,67.693047,24.061025,8.764016,81.112796,65.685757,24.612816,43.564023,32.942455,26.981105,17.520950,48.988885,10.767852,4.714549,36.590887,11.307222,59.832975,35.872283,25.397236,32.366533,73.649811,51.621259,52.448296,70.625868,52.009729,10.431537,47.805974,76.763515,23.427528,21.986653,4.317324,40.985057,23.032419,9.394169,64.009343,49.144855,14.334850,21.255288,19.599911,11.133518,26.485404,18.936344,58.916412,8.581530,36.040090,80.236315,37.652134,35.878150,17.731681,57.872342,74.213106,11.358849,23.183284,66.635789,70.747553,34.237856,13.296882,32.833067,61.825227,47.001618,77.259636,40.908895,45.815136,75.495928,26.687996,51.250489,17.415141,58.390818,63.732301,59.619962,61.980739,32.725606,41.284549,60.846956,45.808014,53.318934,77.915896,51.563790,18.673678,21.709025,75.307056,39.007392,44.762387,12.498663,41.581753,50.674849,67.811529,72.649552,57.134692,69.868682,50.026075,8.867191,26.409967,55.268720,27.399878,44.868155,80.788017,24.718662,36.570662,49.882804,53.629144,33.098341,37.484689,67.435629,71.187762,44.128646,75.485408,38.633693,14.965118,27.326847,55.702367,50.603507,40.971964,64.684119,6.599932,61.470131,25.113263,49.040332,50.125967,53.908644,4.911345,32.076526,59.102458,40.208334,22.855591,54.055873,40.976831,20.443291,29.380642,35.052429,48.912408,11.593730,62.620940,36.527734,8.168063,33.474627,68.941118,43.804501,42.427190,20.685146,36.719175,43.072565,75.206023,53.129766,52.235140,44.493698,28.939188,50.005597,54.349043,44.972484,19.727569,13.327957,57.059700,80.882655,30.338385,71.404883,68.038537,56.406963
38.074725,75.195017,41.969442,29.064161,15.309129,4.010297,98.612953,7.952702,82.727304,13.433979,92.447736,32.147349,0.000000,76.195761,86.502867,30.332361,47.586711,73.719459,87.301079,69.989501,69.304804,14.540038,7.113822,19.079227,44.065246,13.559630,87.650967,15.789001,43.256432,80.795122,24.832747,63.795411,16.823238,15.653377,44.285768,47.804826,70.369334,59.276700,5.823621,64.704271,16.977545,76.606235,54.529384,60.852979,48.589132,30.392096,102.682106,61.862715,56.402846,57.175255,63.395160,8.194432,40.391548,79.411629,30.988249,33.543111,66.624406,34.570629,79.757933,66.677846,52.749900,50.658275,85.688159,83.767928,77.146704,97.026134,79.553367,31.491669,79.831545,96.696648,20.569702,54.126842,36.455753,40.622353,45.913724,40.868401,66.888666,79.252176,26.790455,41.940298,14.405201,22.669648,25.419333,50.864538,79.475000,27.504451,19.964028,73.470127,9.287503,8.364273,44.746943,87.628255,74.019674,23.905131,38.328536,76.921286,73.748686,14.283948,21.694137,64.449615,78.550571,50.926540,102.492942,20.736831,15.801075,76.755207,8.986508,78.725378,16.991001,86.862712,63.865747,73.220147,88.274825,60.000635,55.106292,78.190932,15.981025,44.232796,73.869921,81.187162,49.828742,11.515467,90.811896,65.808044,74.186138,44.558538,71.205418,79.635868,70.462231,97.313208,50.548874,69.721047,82.172927,39.264412,55.923207,79.772288,57.651709,15.808537,72.823838,8.376391,14.475978,80.937539,77.432460,31.427237,50.142822,75.542081,64.112613,67.524505,80.607435,25.019647,33.626618,22.196700,66.663207,54.452203,13.831304,74.531860,33.140371,85.652971,31.332912,56.785041,68.007670,32.731928,28.779458,2.026365,55.608543,43.002854,39.928483,66.208030,31.106793,30.932299,18.868275,4.745928,80.398693,43.212101,70.159926,56.742334,23.980974,11.103298,82.860315,34.132270,51.629647,52.799260,4.914709,75.208242,96.076772,46.355471,82.151178,65.377234,3.450149,44.600244,40.002267,76.721585,49.385995,33.626365,77.029876,99.713150,35.109243,87.858137,81.334172,77.623929
97.590164,61.867232,57.743265,59.540904,61.212489,77.980423,91.225003,76.588347,59.738354,89.616706,81.831981,46.755615,76.195761,0.000000,93.827728,86.062834,30.850821,48.511515,70.565645,97.126585,21.392558,86.025824,82.964020,74.762431,97.506551,89.648608,86.214512,61.675354,75.380233,26.893506,71.494551,114.791240,59.453370,80.018205,77.453662,98.359942,23.818975,75.250344,79.735481,19.857003,59.334788,6.291886,114.099986,109.818884,53.217910,45.849424,91.083012,106.418493,33.554325,75.648745,39.837080,72.871228,36.360456,44.143724,55.067517,48.375079,42.106309,41.631969,78.228253,38.427484,48.389528,64.240453,99.760799,26.803655,64.345061,71.879788,56.726216,44.707078,30.097524,90.734564,69.989141,29.443898,42.943355,83.568151,55.288512,42.136015,100.582646,4.338177,49.801698,57.340928,65.917721,53.691310,72.253973,34.947534,76.528972,54.902453,70.414196,121.328108,78.608014,81.635078,48.720954,51.875758,111.675610,52.312259,62.876687,96.079501,106.229442,71.998414,60.052028,33.236519,84.528437,85.997467,79.902601,75.714044,86.275762,111.727773,68.366088,56.531757,59.233148,57.284027,102.287346,86.928945,66.256122,16.982051,73.972808,82.937768,91.393583,97.656716,117.583770,49.088694,28.320128,64.688456,96.593195,52.904719,2.015072,37.807063,5.179839,51.296913,103.987178,77.866955,100.142203,107.815059,26.099490,38.069601,20.494902,66.459667,40.563415,90.681582,122.495516,67.864480,83.152585,10.141909,66.985402,77.725516,72.679495,98.942472,113.138199,62.495663,108.493502,85.101586,57.233385,60.477585,86.885400,88.885328,87.097535,94.978608,50.172024,71.136898,50.849592,84.798991,74.833673,100.617324,48.334254,76.725443,100.412538,81.408060,61.232630,84.437158,86.671686,64.231734,76.075369,77.656931,13.220890,35.414927,95.566168,63.850509,53.879377,72.931714,93.677592,89.190843,78.833900,29.709266,81.093902,22.477632,87.817523,96.637283,48.121210,67.019210,73.532992,93.327792,100.093728,33.259452,43.198643,55.648644,76.261011,95.910525,73.161436,92.156927,93.748616,73.705660
64.088577,32.625993,49.907528,61.291052,85.377909,83.713789,18.608249,94.013363,38.517660,92.506346,21.141126,71.295656,86.502867,93.827728,0.000000,61.522619,74.298455,46.348757,29.486393,24.193110,72.480673,79.878083,91.113406,103.266785,56.445650,90.319701,10.796899,88.142908,43.314657,71.770403,61.670880,55.370595,80.886019,73.110102,42.521591,52.806478,70.235848,27.678866,83.351621,74.502492,80.572466,88.510622,66.812965,51.511300,47.970305,80.054934,24.354737,45.415881,62.586786,29.519221,54.148000,78.373846,86.611200,53.388244,62.563231,66.593982,51.725584,82.011796,15.904385,55.408703,49.511621,39.063137,8.634566,74.134063,30.532673,37.934547,39.985833,81.700743,67.960553,16.497305,66.045164,68.787179,70.419204,48.591116,48.355282,65.371806,31.835091,92.692061,85.101383,50.194361,74.313976,79.348499,61.093623,64.499177,17.724347,66.981750,101.798084,53.772005,95.704920,82.390278,54.668769,50.975284,38.012538,80.690608,50.395744,14.467170,30.648588,97.558587,69.577802,60.665472,9.741228,38.381817,35.774158,105.113931,101.828677,34.913587,88.173084,39.779691,83.147252,44.338668,37.592428,13.356875,35.346961,91.095415,31.723929,11.109670,87.995368,56.413463,47.199347,49.203701,75.624799,83.683544,4.310091,41.005829,92.714369,66.908657,90.245343,45.925259,31.639563,31.435831,51.511287,37.643848,73.560787,75.306875,83.081270,29.251417,54.802274,86.297017,56.547329,84.826446,76.739409,88.317229,27.719370,55.951694,36.586258,19.306924,52.361341,31.563190,25.948401,66.666959,58.065114,95.977895,20.706075,36.082536,82.517975,16.396589,64.925927,27.484636,96.243071,31.142347,21.295970,75.931088,75.619707,84.836760,45.549160,45.007449,49.701151,20.508839,61.129562,57.007492,68.196090,91.239674,84.776624,72.807359,22.422645,34.943590,74.272401,95.159141,4.615533,59.794596,35.075205,69.560107,87.906040,72.922380,18.725742,52.640504,50.858527,28.165456,83.579149,51.338560,64.902797,63.098375,56.515621,59.226127,17.588474,16.065437,51.414521,3.590537,6.642042,20.383796
11.573153,60.469499,32.278372,26.521961,38.181551,26.514207,76.650976,38.218736,69.665076,31.923342,72.519252,40.286888,30.332361,86.062834,61.522619,0.000000,55.290786,64.574482,70.641457,41.514477,71.908953,19.203690,32.366210,49.395070,14.386511,29.552059,65.345922,40.444656,20.840615,80.716247,14.691300,34.581213,35.574635,14.678985,20.505923,17.681872,71.794305,37.362463,25.295511,69.138506,35.412655,84.222730,28.823938,31.033364,39.646743,45.138804,81.568089,31.561979,56.513581,34.914413,58.607951,24.109448,56.449023,72.357816,30.996736,37.805365,60.434651,49.543912,59.031817,62.156188,45.572676,34.590303,58.862498,83.966901,61.582145,81.575593,67.361727,47.043988,78.442514,74.528441,17.424981,57.766118,43.496967,12.945182,36.468232,44.011179,37.292241,87.865379,45.798250,32.553948,25.759054,38.703517,13.866372,52.628830,59.352491,31.716963,49.844654,43.890505,39.181037,23.440362,40.238844,78.331158,43.733596,40.675199,26.308014,49.729305,43.948522,44.333869,27.924211,62.610515,55.327858,23.288604,85.198285,51.068296,43.163193,46.585429,36.366071,66.534912,37.581072,75.316427,33.758339,48.331061,73.424953,72.984213,33.554456,55.482884,26.766763,14.561977,43.709600,72.262873,57.812646,34.343505,65.741056,54.675465,84.130084,48.414091,80.907331,69.675509,40.676532,79.714712,20.403173,39.477744,82.501033,49.102875,66.272086,63.650485,53.580029,25.075683,43.627616,33.374805,16.842905,87.384500,60.818962,9.461423,29.185064,47.391965,34.435844,52.005425,51.153827,5.618268,29.217152,48.988114,40.821272,26.208035,21.745201,47.287179,35.921688,68.517423,55.147250,30.382152,47.097282,17.606974,40.698550,28.317680,25.278116,16.769309,28.490499,41.199421,0.818051,22.204467,13.247774,34.700394,85.575651,50.840529,42.111262,40.471253,35.456981,41.237529,57.315872,4.038521,27.390595,57.053162,29.588546,76.779204,74.757799,16.129622,73.708612,47.690491,28.752906,14.275657,14.085487,73.977695,46.480378,30.656623,56.662970,76.473010,15.881953,63.631366,55.518388,58.338414
66.845031,47.126171,29.316028,28.792748,33.825311,48.717832,77.448344,49.701017,49.988966,60.911785,68.614685,16.207050,47.586711,30.850821,74.298455,55.290786,0.000000,37.838202,59.008719,71.566459,22.292440,55.835318,54.644189,51.110484,67.177281,60.580109,69.395547,35.140998,46.517378,34.439458,40.673406,85.254633,30.907637,49.438454,48.637061,68.359749,23.896659,50.515536,50.300161,17.254627,30.712575,29.766764,83.577247,80.430039,27.257288,18.108160,79.195180,77.610686,14.565911,50.198728,25.133695,43.055644,15.188517,39.459104,24.314841,17.529486,29.029958,15.474987,60.512326,26.836737,24.786899,38.205707,78.348709,37.116133,49.789793,64.985452,46.344596,17.898014,34.371844,76.288501,39.162236,8.684854,12.166593,53.753084,28.189369,11.874376,73.646745,33.017188,23.892207,28.904453,35.766605,25.094485,41.448962,10.223812,59.197568,24.080863,47.221611,92.473836,51.884397,51.947085,21.077679,48.878092,84.462484,24.263609,33.536549,72.723747,79.927135,46.927141,29.424906,21.983716,64.557228,57.666311,72.433802,52.515557,59.996977,85.127275,40.959708,45.735146,31.362480,51.111379,74.429245,64.450997,56.945944,18.904361,48.146687,63.253874,61.858704,67.333462,89.365714,43.158328,2.530711,36.457945,77.882933,35.805781,28.890630,8.175694,25.675185,43.298006,77.302545,68.567583,70.324522,80.318846,35.533706,8.380983,11.227075,52.529080,21.250160,60.973923,93.368699,39.632521,52.773763,33.698405,51.695436,47.193904,45.615215,74.553683,83.847120,43.694573,83.503431,54.252099,26.898632,37.283677,62.333857,60.929672,57.138333,71.135676,19.369102,58.520643,30.669335,57.909224,53.246055,69.820454,18.809890,47.750325,71.294164,52.079071,32.257033,60.218717,55.917602,33.749547,45.290274,49.937884,32.870526,4.626136,70.347581,40.065394,23.951565,46.924471,72.870821,58.515782,51.461485,7.149218,52.331619,28.335597,74.120211,66.604797,43.332050,46.147474,44.559376,63.339894,69.353958,32.701976,17.802948,25.234530,57.953699,80.979069,43.109134,73.619585,72.391292,56.403279
73.888849,13.731565,33.445265,45.093361,64.558030,72.947429,42.870779,78.819946,12.352876,85.076234,33.497996,44.718636,73.719459,48.511515,46.348757,64.574482,37.838202,0.000000,22.530889,55.613759,27.263313,75.366738,80.479887,83.908029,69.913234,83.780203,37.896692,66.809516,45.392390,25.509418,54.284410,81.358090,60.262298,67.473659,46.774856,68.726162,24.707017,35.507384,73.746032,30.630807,59.959669,42.790911,86.155823,76.246755,25.949126,51.962290,43.289638,71.187244,23.282550,37.123039,12.713124,66.417116,52.925619,8.608166,42.731223,41.419394,8.808291,51.418489,30.453692,11.501531,21.016472,30.586586,53.267965,28.064116,16.007410,27.152599,8.804772,52.758538,21.739185,42.274820,56.209991,29.622823,41.366455,55.407996,29.059699,35.458401,61.251483,46.862791,58.243333,33.305247,59.336082,55.778183,54.447858,28.145598,28.655882,46.419982,80.758711,85.046679,80.999070,74.265096,28.977829,14.098153,71.991063,56.068070,38.960575,51.627063,65.210946,78.729358,52.037077,17.215507,37.751919,52.011502,34.713186,85.591553,88.944493,70.853932,70.454694,8.373185,61.823750,13.696475,64.851585,42.235438,19.370464,49.650661,36.596350,36.057517,83.402188,70.003130,79.785225,7.752790,37.899365,65.275622,48.662899,10.170027,47.669517,33.851865,45.609939,5.978578,63.850801,31.235177,69.389368,69.032121,27.350961,43.196744,42.588754,17.964425,17.514738,81.981315,87.003261,67.869979,71.692885,42.129611,18.757796,55.201226,38.393569,55.551377,78.914084,17.591024,65.277383,66.901673,40.511770,71.811751,44.892387,53.379943,77.602957,51.192297,41.162950,22.784720,67.399565,47.399056,30.587808,82.155705,49.561791,72.941811,66.837193,51.639355,36.792434,42.261148,64.777174,45.394612,61.779896,77.607135,38.522297,38.971652,53.655103,25.883681,51.803225,77.621101,47.007035,65.802290,43.726979,30.990996,77.410331,26.739933,39.448690,67.400555,9.134206,23.452425,70.269796,64.328064,75.991448,16.767820,25.052499,40.225554,28.919738,47.426792,48.699318,44.261801,47.498577,25.966463
77.424050,12.552213,45.381895,58.409094,81.038392,85.651164,20.746385,93.568394,10.882977,96.830830,11.414807,62.556319,87.301079,70.565645,29.486393,70.641457,59.008719,22.530889,0.000000,47.140403,49.592402,85.481563,93.419637,100.423854,71.468202,95.111917,18.988470,83.574261,49.802405,45.551240,64.360051,77.456356,76.485617,77.681301,50.315024,69.028389,46.939422,34.112157,85.991148,53.157745,76.164984,64.629466,85.751975,72.727682,39.447109,70.740671,20.758806,66.863260,44.799689,36.513746,34.351461,79.325331,73.655804,26.811769,57.498995,58.453730,30.722242,71.082699,15.846946,33.891954,37.163891,37.310724,37.844781,47.362793,10.248082,11.167604,13.888308,71.880108,41.767125,20.520804,67.560517,51.345786,60.009692,58.861263,41.690508,54.076392,54.367765,68.550926,76.797985,45.442733,73.159426,72.977199,64.194648,48.865452,14.332259,61.818271,97.826202,78.546311,95.620845,85.899352,44.990923,22.090587,63.522020,73.692706,49.207951,39.841244,56.053100,94.905729,66.514004,39.650100,24.143210,51.703130,15.192004,102.209610,103.065908,61.277343,85.926021,14.186730,78.393857,15.347781,59.342740,31.796588,5.870444,72.107444,37.389730,22.613788,93.885016,71.506160,72.394807,21.983934,59.449787,80.820894,30.310115,23.729505,69.859933,53.640826,67.952900,19.338481,55.795971,10.144122,68.798141,61.748471,47.121449,63.092165,64.865247,7.534619,37.779151,92.290120,81.004061,82.933244,81.865674,63.348785,9.996735,62.253098,41.468405,44.720996,74.616656,19.789532,53.564112,74.427712,53.990909,89.797523,37.846124,51.469615,87.993565,40.454698,57.562297,2.408577,86.911952,44.981736,24.824717,87.767416,67.451118,86.120904,64.408771,54.720540,47.445475,35.623790,70.582083,56.581359,71.984440,91.683007,59.622048,59.306383,45.007544,31.056345,68.358679,93.262432,31.960688,70.581613,44.428166,52.583276,90.180154,48.273829,17.386735,68.160520,23.346383,23.009643,83.928454,65.690938,79.041495,37.587826,43.410333,54.360549,16.589941,25.745855,55.974585,26.414209,33.242468,13.617397
