Traveling Salesman Problem Specification

Visit 200 cities. Distance table:

0.000000,36.468710,44.153614,58.066115,61.536326,48.373645,12.369104,49.058770,50.344970,29.445917,88.827129,17.348712,7.720931,52.397128,60.512109,76.392657,22.482492,62.859305,74.831816,70.833472,58.097850,38.943824,51.643053,41.165673,18.733380,7.309511,58.767594,3.726935,36.813738,80.735375,38.997916,17.657403,44.646141,8.987746,52.246306,57.756278,35.060050,69.080990,81.819268,56.283592,37.730071,49.795851,65.446529,46.487886,17.132526,46.288360,49.403743,18.371330,55.386556,74.018478,24.021518,16.288095,52.352290,68.746618,41.552789,54.164434,5.335016,46.494414,23.624900,56.426052,28.789295,38.461491,37.609745,26.547800,25.221045,67.481272,52.899661,42.850197,73.783823,30.262347,29.263129,29.966176,78.364998,44.985352,18.132379,41.339490,31.061984,56.665301,35.263934,52.508338,46.022830,43.479484,55.270242,8.868651,34.192863,51.453399,38.864662,70.590954,53.383056,54.086209,27.237567,86.602466,49.478602,72.079673,15.755449,52.237195,61.160102,76.575873,54.323560,43.999558,38.897286,45.080383,21.078269,35.544230,63.319962,15.987970,31.399281,16.663335,51.242999,59.353731,80.580002,48.889244,23.321571,57.778511,36.907029,79.012471,19.606545,42.119352,37.259334,56.016768,22.593891,78.773332,77.718259,74.167554,25.435928,75.266189,43.674683,83.968459,31.986383,46.172139,22.999886,18.116535,43.910227,59.730915,25.091614,50.971432,53.956165,17.565174,79.555632,85.286703,19.486629,81.299657,42.506309,24.256651,26.781694,19.108222,77.790997,45.926943,14.478916,77.687262,34.629888,71.623022,43.228080,30.445407,77.014829,38.009049,38.439380,29.488539,43.134692,44.162152,53.223337,39.666879,7.075752,40.901749,39.642377,50.580960,38.657970,33.930745,16.881010,50.846497,50.671102,40.514876,73.611481,45.649583,19.616208,11.372731,21.842184,55.594943,7.614587,85.753809,33.377015,74.251176,58.517701,23.461233,65.137665,49.579655,59.043108,77.777652,43.979688,52.931487,45.035237,55.485280,36.938211,27.271295,28.182361,77.730612,48.593312,17.598056,56.334546,49.484729
36.468710,0.000000,79.442006,79.032145,59.513440,56.977797,36.562656,54.308451,82.827074,10.233940,107.322306,52.620220,37.265559,68.155455,92.294823,93.254007,57.697991,77.804776,88.586186,67.302349,48.371578,74.989210,88.111555,77.035173,55.007772,38.257054,86.348986,36.440658,73.126382,105.070287,21.282799,53.591614,71.092209,39.180725,25.830979,75.704871,71.213513,55.542450,104.503282,52.260205,73.578437,85.862011,89.474653,82.584806,33.095821,82.665076,85.785092,22.477392,84.214980,63.421801,43.299006,46.170633,77.790906,63.817223,17.623342,73.233506,32.956683,82.712331,12.898447,32.001139,7.680549,7.918063,9.422165,41.639978,51.655511,55.978900,29.052969,16.101755,59.172841,31.967421,22.148259,26.445205,93.784033,29.025051,33.492558,63.906803,62.812632,89.531707,70.872070,66.132632,66.093055,45.527061,37.099733,28.708434,12.016854,72.800487,51.323794,90.537120,86.512371,84.124117,17.399795,69.240641,18.879959,85.293491,40.117117,40.822015,65.097864,65.568350,70.960502,80.400406,43.800183,78.868876,55.950972,71.993539,64.130546,52.378449,14.424740,52.107949,77.839809,90.263469,104.691721,22.483975,34.493319,52.904087,42.635451,82.313669,51.508104,74.732470,73.075531,29.214456,43.999833,68.103769,87.137516,59.289072,61.889842,97.590604,79.604212,101.512708,6.517547,76.880851,58.894496,53.662081,80.204880,72.503624,31.092409,78.050282,77.797514,49.136588,103.962834,97.742485,52.449244,104.274277,62.054783,29.316783,55.409336,38.429453,88.177178,43.466863,46.436287,94.396357,48.289125,51.772951,7.603470,48.592556,85.339174,60.620163,18.277354,65.933388,10.867288,42.385080,69.283119,75.636395,43.112119,68.454046,13.731384,87.039367,73.062661,63.755838,50.187691,84.517092,87.127646,38.686778,67.113840,20.763020,17.484259,27.873696,28.882477,69.040037,30.030572,100.929733,67.904091,98.430451,70.990354,39.498588,46.679517,85.968230,45.183451,90.345048,80.431958,89.269879,64.590692,82.800967,11.452223,53.476459,28.861586,67.945001,85.021215,26.875586,67.410454,34.155028
44.153614,79.442006,0.000000,44.155825,76.248494,57.801798,51.311131,61.866228,14.222152,70.732876,68.890256,26.972138,42.190503,50.016157,22.530721,62.064768,21.821609,56.339140,65.612929,84.039534,81.144148,23.362427,18.179043,25.105110,25.868680,41.185019,31.432857,43.251783,20.333484,52.993446,74.686366,26.524790,29.037314,40.318501,88.522873,49.048580,10.975407,92.258450,56.664572,74.945416,7.307677,25.637047,42.641901,24.066359,48.808608,19.812264,20.851235,57.785685,26.767195,93.351825,42.982761,34.210280,33.151934,83.991114,79.257756,45.606377,49.009286,22.581750,66.644537,90.660865,71.888878,79.534759,81.679255,47.070932,33.024508,89.272942,87.542029,86.992712,96.839030,59.242349,72.581729,72.304529,65.645810,77.281201,58.173534,36.217927,19.977687,16.906922,26.876044,53.101665,41.229452,62.770627,85.653780,52.986339,78.345778,40.678461,50.398159,53.176161,13.844989,23.078903,65.866145,109.834318,88.479308,64.534135,41.144597,78.696214,69.632085,95.711744,49.512921,11.504027,58.483231,7.760180,33.822047,14.569798,74.415993,30.690159,75.522512,27.575912,30.265090,23.875960,53.258824,85.865066,51.349212,76.650951,57.165359,82.275642,41.290667,12.481347,25.336463,91.805745,40.974996,97.104659,73.629965,97.379102,21.225804,52.358772,4.902251,66.570417,75.748379,18.598405,28.934115,33.039916,20.782171,57.741999,65.869659,29.091805,37.000270,42.312281,51.944039,75.026798,39.215686,55.769682,41.350281,56.263794,28.652942,55.909289,72.384229,67.910636,42.503762,63.215163,48.423524,99.565139,86.664086,43.025926,74.573258,36.013663,75.543548,20.468005,83.876679,66.503721,49.911520,6.574049,37.084318,26.418071,83.795152,16.074578,7.563702,22.781387,29.372836,10.488626,16.007905,65.003741,89.068608,89.651575,63.574021,55.220252,63.646227,54.731232,49.515626,71.480519,11.857348,48.344251,57.520931,46.670630,93.284978,13.157254,85.158834,69.360954,16.855100,23.468774,41.832312,30.363582,81.082042,32.416748,69.777347,95.433480,19.233910,54.202744,58.292939,79.734912
58.066115,79.032145,44.155825,0.000000,42.914093,27.649886,70.209607,32.567103,31.915348,68.810982,30.770635,46.813199,50.959611,13.552579,32.423417,19.387587,44.793695,13.204936,21.491166,47.693349,53.926857,64.518460,62.260163,66.889494,50.837426,50.961884,17.469565,54.703720,60.822465,26.455960,63.375047,49.036545,16.450235,49.254413,74.145706,6.811911,49.336836,62.554299,25.471187,45.513811,46.971351,69.494412,11.906830,67.477674,47.883682,63.541596,64.928890,58.269729,20.310386,60.105790,37.017170,41.880482,11.065109,49.211825,69.219275,6.434581,63.010864,66.129609,69.471602,73.126678,73.532495,74.827546,85.714555,37.620042,32.852614,58.909694,71.237634,92.724670,66.196923,47.694607,84.464429,86.448162,22.369068,61.012807,76.184604,16.753330,32.822959,35.323388,66.006728,17.331947,13.016795,39.314043,64.767631,64.812511,84.416546,6.651655,28.468027,12.525126,35.355740,23.901012,61.649554,77.528915,78.139012,20.426219,43.574226,55.614729,33.143575,61.923732,10.857149,55.303634,38.011870,36.528792,64.045749,54.341568,38.628322,56.210746,83.121738,47.585795,13.991815,28.602275,25.979387,73.077402,44.763856,46.861915,38.299885,40.197025,69.357794,31.923045,65.558536,76.050487,37.250556,62.474289,29.746146,66.787208,53.106734,18.558525,48.874745,26.172141,78.831692,25.578187,60.553931,61.139356,63.893432,17.145158,82.807326,15.209978,7.168724,68.856031,25.430327,31.299557,67.684143,25.255149,17.059015,49.734662,32.059350,76.839466,28.333826,44.475889,67.038674,20.674561,30.858333,73.137868,86.449585,30.812815,31.024447,20.156583,65.790927,56.273260,77.542365,44.100424,12.533340,48.312067,53.456815,20.385100,89.449252,60.154166,38.897049,27.997252,43.500468,37.086021,60.074803,45.529364,53.500495,96.855779,70.303542,67.797192,79.271674,16.487644,57.564555,29.178611,39.784062,20.027801,17.794853,40.198249,68.236269,57.187966,59.881269,25.227895,60.315652,67.623797,14.465843,15.838314,86.339253,30.822773,85.363025,60.562140,63.307084,53.693797,20.741879,60.369061
61.536326,59.513440,76.248494,42.914093,0.000000,18.475199,72.525050,14.559601,68.844925,51.469547,58.871079,62.345873,54.369147,29.971962,73.097162,45.423153,64.086517,32.471419,37.794930,9.297394,14.362259,88.838696,93.328117,91.508333,67.477387,55.270398,59.392742,57.986136,85.267216,66.144686,38.344550,65.002060,49.461370,54.075301,42.013297,36.241723,75.819597,19.908228,62.863298,7.308700,75.314826,97.423325,54.402718,94.525491,44.475695,91.788558,94.185424,48.810145,60.777298,17.585660,39.708033,51.910976,50.416905,7.861535,43.139954,37.089781,63.978251,93.636851,56.705407,38.175463,57.955387,52.322706,68.664087,35.929866,46.389893,16.197799,37.959788,75.604626,23.296270,32.794512,75.412828,79.045025,43.889728,31.413623,75.546474,40.565447,57.242551,74.294622,87.868089,26.055725,36.726112,18.067172,28.641101,62.907613,69.713519,40.836985,26.605386,48.102956,73.072820,63.452998,45.309625,34.918450,48.952502,34.695700,47.310685,20.334383,10.467101,19.730306,32.221823,84.843121,22.676346,70.303091,78.600055,79.957762,5.873331,70.328072,70.283724,62.686002,52.687271,69.447020,65.454795,42.838414,38.272252,7.102510,24.664679,23.219583,80.197023,64.550809,88.641288,42.123772,41.883713,20.900870,31.762310,23.886613,73.490103,57.008614,79.791308,52.815314,62.859270,60.955404,77.559495,75.063965,90.893250,26.582267,79.106006,53.749681,47.431137,78.520766,65.417960,43.692283,79.445395,63.169839,35.343933,38.841039,49.801490,78.724998,33.581027,16.912033,75.604593,46.077348,29.837571,31.312107,65.056182,35.644460,29.240587,40.264438,41.402035,78.176844,52.524349,18.468554,30.761055,77.388203,61.766703,50.636624,73.022720,91.359658,68.929793,53.576370,57.321554,73.467952,91.342121,22.556929,13.029836,80.265436,61.069179,65.247986,75.373876,26.426533,55.968464,49.366607,66.564400,60.856377,25.515173,38.619352,27.695129,88.765285,20.639365,37.704924,88.455270,97.618603,35.613487,56.759561,70.317370,45.920403,79.647109,19.190874,92.696508,46.203253,22.186212,27.447153
48.373645,56.977797,57.801798,27.649886,18.475199,0.000000,60.349594,4.990850,50.549300,47.282507,51.177234,45.753971,40.717419,14.134751,55.394845,36.938021,46.819124,21.518583,31.635949,26.449574,26.626310,71.318059,75.024459,73.977731,50.870134,41.377973,42.498974,44.654386,67.671563,53.382175,38.265502,48.438237,31.250972,39.912672,47.367954,21.873365,57.794892,36.302329,51.232877,18.624234,57.092586,79.477357,39.556673,76.668559,32.528549,73.752211,76.056113,40.178696,43.280266,35.858857,24.598627,35.984326,33.123907,26.189544,44.051647,21.259433,51.876643,75.709808,50.322501,45.776236,53.134249,51.284382,65.089425,21.863279,29.136523,32.871509,44.145925,72.286265,40.461617,25.338746,68.067452,71.076049,37.013655,34.394231,64.613014,22.157881,39.039274,56.194716,70.762063,10.656208,18.803688,12.438487,37.177179,51.871538,64.932266,23.938662,9.729272,36.236900,54.813667,45.651153,40.123972,52.901346,52.274845,28.327635,32.870801,27.979613,13.302449,38.116827,16.998570,66.610147,13.181067,51.832788,62.877916,62.106962,17.053440,54.422322,64.573084,46.207397,35.102488,51.859088,52.801319,46.755577,26.909531,20.177944,14.500963,30.660137,65.532814,46.078037,71.326560,48.924990,26.443533,39.372888,30.930932,41.038846,56.334302,44.623765,61.417272,45.171470,58.479343,42.631670,61.218057,59.384350,73.003900,15.730428,69.541874,36.077121,30.639188,64.145059,52.465595,40.859597,64.494207,51.288760,16.958854,29.888967,32.074248,66.955489,31.630913,17.085133,61.455135,37.981045,13.851377,46.032345,63.815039,19.041066,29.625498,21.797509,41.055171,60.866171,53.105140,17.006306,15.219624,59.125902,47.032609,32.206855,69.257513,73.034753,50.524939,35.198656,40.840019,55.085732,73.012583,19.352894,31.280299,76.794513,53.172357,54.605759,65.753349,12.866020,44.349496,44.022354,48.354772,47.309821,14.207058,25.017292,40.798440,70.401165,32.360487,33.393608,70.399095,79.437061,17.523709,39.547831,66.248737,28.332594,70.956483,37.664066,74.541726,36.351468,10.464879,33.059631
12.369104,36.562656,51.311131,70.209607,72.525050,60.349594,0.000000,60.702159,59.690186,32.670179,100.979869,26.489750,20.025978,64.765378,69.976126,88.690727,31.097208,75.228187,87.200712,81.786935,67.639493,40.274229,54.966911,41.949002,25.660741,19.678302,69.821618,16.026009,39.211174,92.210770,45.323107,25.686781,56.254209,21.354780,57.247395,70.081339,40.988693,78.166554,93.556399,66.813203,44.254428,50.912088,77.137385,47.767944,28.223034,48.714339,51.777912,25.491888,66.151843,83.822988,36.256887,28.329126,63.993695,79.444688,46.454413,66.461915,8.570792,48.183213,25.295007,62.252089,29.484227,40.896131,34.519307,38.489641,37.372912,76.953421,58.725470,38.015158,82.747359,40.203938,21.962573,21.074370,90.707077,52.397604,6.911424,53.534675,41.568320,65.602752,35.614164,64.838837,58.327508,54.496393,62.774505,10.332395,30.295101,63.628491,50.974038,82.724306,62.236851,64.467562,33.169442,95.171472,52.887659,84.446741,28.060912,61.178293,72.901045,86.351179,66.688467,48.509651,50.128967,53.724564,20.724023,39.986689,74.734454,20.640191,26.895413,25.670581,62.677338,69.258707,92.097138,53.694202,34.359228,68.210888,48.158080,90.897847,15.096552,51.669407,38.025394,61.073170,34.919203,88.654897,90.006220,83.079894,30.485901,87.107522,49.769473,96.205055,30.680094,56.507876,24.743431,19.483192,45.980567,72.067079,14.610969,62.303949,65.826534,12.765016,91.028980,97.655329,16.313542,92.997678,54.852142,34.023288,38.515157,6.739636,90.113739,56.312117,10.468833,89.987642,46.735050,79.260712,41.912486,42.755675,89.249628,50.246605,44.005485,33.190839,45.511784,54.576995,65.592416,45.840940,17.145468,52.371921,35.224042,54.337014,47.042643,45.031422,27.702826,59.387813,54.455275,50.699979,84.147362,39.721567,19.424418,9.326880,12.425400,67.933808,16.558100,98.088334,41.920947,85.818470,70.839977,35.333188,72.953252,53.987288,67.742044,90.143618,47.113744,54.989650,57.367064,66.669275,33.149925,39.388442,18.466247,87.760990,51.326802,26.697541,68.585363,57.374626
49.058770,54.308451,61.866228,32.567103,14.559601,4.990850,60.702159,0.000000,55.149607,44.927035,55.026935,48.149381,41.558749,19.021577,60.248540,40.805674,49.660682,25.616123,34.897173,23.236009,21.640440,74.364452,78.806957,77.032820,53.287773,42.335328,47.474641,45.385391,70.772315,58.100453,34.785896,50.823627,35.955239,40.984658,43.063284,26.639057,61.260123,31.471575,55.782581,13.747297,60.773432,82.870094,44.471152,79.982608,32.524143,77.229314,79.627776,39.053502,48.190236,31.507627,25.990082,37.945566,38.076835,22.416577,40.467267,26.201296,52.148068,79.085066,48.620320,41.169321,51.018026,48.205805,62.745503,22.635963,31.930288,28.104957,39.695140,69.922819,35.719703,23.448747,66.798524,70.016511,40.539327,30.264509,64.518198,26.714452,42.704882,60.911150,73.521625,15.395401,23.685794,8.835223,32.399723,51.731993,62.905584,28.927873,12.090283,40.737445,59.436888,50.491214,37.932388,48.328349,48.339226,31.553378,34.011492,23.152176,12.244260,33.847605,21.834440,70.301702,11.240864,56.140647,64.827188,65.412464,14.499555,56.447180,62.801493,48.535220,40.009904,56.741882,57.503477,42.664308,26.541691,15.347381,13.005172,30.396306,66.968216,50.374485,74.226332,44.438686,28.046986,35.263370,32.862753,36.291454,59.111637,49.257526,65.315647,48.960055,56.294493,47.220410,63.501091,61.302562,76.345356,19.576484,68.992564,40.965177,35.627016,65.443000,57.205786,43.524635,66.062314,55.876508,21.584035,28.666735,35.257169,67.183462,33.869116,12.661045,62.641074,41.781733,15.594253,41.053114,60.895450,21.301903,31.195443,26.020016,37.683238,63.754684,49.696845,12.889898,20.078829,62.857002,48.426953,36.681630,66.990305,76.848623,54.490425,39.128261,43.152361,59.590782,76.833419,15.853487,27.579512,74.494226,51.963329,54.341937,65.202776,17.266381,44.366379,47.309469,52.023265,52.108567,18.087913,25.622878,35.809563,74.278199,27.378619,36.259655,73.895678,83.065759,22.355185,44.500884,64.040998,31.390910,70.125781,33.633279,78.141064,35.592572,14.166360,28.528048
50.344970,82.827074,14.222152,31.915348,68.844925,50.549300,59.690186,55.149607,0.000000,73.288111,54.780351,33.349547,46.320793,40.267691,10.287729,48.678424,28.593090,44.812648,52.966898,75.752251,75.943034,37.434151,31.188384,39.280962,34.328400,45.573390,17.404962,48.474859,34.213672,38.827261,74.394504,34.011536,19.403200,44.288513,87.745065,37.639013,23.519730,86.506259,42.442452,68.803139,19.993285,39.565708,28.734467,38.206021,50.188221,33.876373,34.584921,60.404643,12.834308,86.370784,41.825896,36.735569,20.938203,76.275858,79.561706,34.653642,55.602759,36.692473,70.542738,88.922729,75.640630,81.555877,86.537229,45.289967,31.976018,83.227352,86.111906,92.526769,90.850172,57.985684,79.596121,80.008301,52.394468,75.502382,66.581250,28.435156,20.038495,6.753985,40.574652,43.820323,32.235602,57.944491,82.675913,59.099982,83.735801,29.811842,44.948670,39.630343,4.327004,9.007278,67.433917,103.443096,88.997247,52.265739,42.786103,74.767796,60.946238,88.573033,39.124461,25.639038,54.291205,7.082838,45.049155,28.023092,66.113120,39.954296,81.298370,34.137797,18.032563,10.243689,39.073604,85.516946,51.045238,70.450426,53.375107,71.548001,52.183308,8.251301,39.255806,90.676487,40.300186,89.675038,61.658947,91.417798,32.068965,38.229204,19.079826,52.691973,80.109131,7.930265,40.349896,43.469642,34.989061,47.242196,74.227611,16.799991,24.834002,52.755896,37.763947,61.893642,50.139942,41.548564,33.595649,56.427195,27.771209,65.149679,60.197905,63.392802,52.288241,49.772471,44.111563,95.088585,90.339070,39.663352,62.906449,29.533254,75.790216,32.836509,85.529238,62.238029,39.904238,20.244229,43.491604,18.590406,89.218869,29.124558,13.353018,19.598792,33.676968,5.170914,29.021213,61.584660,81.161057,95.702803,68.589436,61.717050,71.515930,44.839393,54.089208,57.865761,17.956803,34.125481,47.305257,45.866731,89.138826,26.147734,80.722408,56.715872,31.032959,36.776193,33.251248,16.845327,86.303293,30.567034,77.845634,87.888660,33.000165,56.220729,48.809042,77.050840
29.445917,10.233940,70.732876,68.810982,51.469547,47.282507,32.670179,44.927035,73.288111,0.000000,97.267236,44.297813,28.694563,58.069149,82.578629,83.249494,49.234880,67.840332,78.792743,59.777350,41.725629,68.387721,80.622308,70.607639,47.244284,29.791490,76.237956,28.617586,66.182543,94.836477,14.931268,45.576487,60.985108,30.469504,24.737875,65.560988,63.129341,50.304801,94.281967,44.384325,65.228934,79.232290,79.243363,75.921576,23.211260,75.575954,78.678141,12.993609,74.200758,57.544674,33.159361,36.894138,67.608658,56.513594,14.141175,63.040796,27.055546,75.894957,7.629148,30.138865,6.529292,9.047825,17.827936,31.410435,41.781480,50.137243,26.702582,25.018453,54.390941,22.032924,25.014334,29.108984,83.884869,23.035068,31.522818,53.691140,53.361741,80.023193,64.655250,56.156369,55.863521,36.276781,32.656987,23.162655,18.268208,62.568064,41.231709,80.366905,77.078187,74.225466,7.256907,65.628409,20.363753,75.523942,30.503908,34.258729,56.159891,59.862989,60.849574,72.598878,34.118380,69.650810,50.101017,64.386218,55.679526,45.372370,18.925782,43.872381,67.707291,80.434722,94.457803,21.151764,24.270587,45.239707,32.825383,73.774754,46.759545,65.287305,66.692970,28.543366,33.954275,62.364251,77.783645,54.597820,54.377449,87.369393,71.263102,91.497288,11.463957,67.111019,52.424126,47.412176,73.275882,62.658150,31.557374,67.943132,67.574701,44.403834,93.729326,88.134588,47.350982,94.048399,51.824035,19.085346,45.669827,36.212416,78.719812,34.871865,41.449168,84.407020,38.107444,48.650410,17.762515,38.364664,76.102864,50.418070,12.588206,58.712708,13.694218,33.604127,59.189507,67.356100,35.474379,58.438158,22.064655,79.404480,64.078524,54.012856,41.360042,75.223779,79.481221,29.695668,60.261886,29.569476,13.737634,23.358177,28.439404,59.106594,22.219814,91.086473,59.020854,88.197067,61.153807,29.313034,42.830981,78.111320,39.630024,80.674437,73.117338,82.246237,54.364146,72.687495,19.142795,43.544364,30.611992,61.957484,77.789621,17.075167,57.652970,28.411511
88.827129,107.322306,68.890256,30.770635,58.871079,51.177234,100.979869,55.026935,54.780351,97.267236,0.000000,77.122689,81.658604,39.209184,49.616050,14.241222,74.592748,29.703780,21.077661,58.859447,72.817504,91.487793,85.681161,93.578465,80.811886,81.694984,37.460700,85.439549,87.986972,19.527178,89.432131,79.196315,45.898596,79.986224,97.966457,31.998826,76.560679,77.967769,14.143477,64.384227,73.563256,94.340408,26.451636,92.951544,77.851963,88.648968,89.325067,87.824484,42.138949,72.424624,67.124375,72.650791,38.540324,61.983690,95.227917,35.109919,93.739100,91.452561,98.879914,95.502173,102.535719,102.185503,114.734351,67.072978,63.621004,74.320693,94.415006,121.870238,80.200045,75.366243,114.731437,116.903667,14.988037,85.287776,106.936274,47.490489,62.409792,54.806367,93.838307,41.260932,43.146674,63.557958,86.213511,95.420720,113.862696,37.374092,56.039572,18.261071,56.534195,45.819368,90.010753,88.376046,103.352144,24.243252,74.131357,77.021458,48.681039,73.325296,36.486344,80.380149,63.980887,61.248572,93.870736,81.501127,53.097603,86.371214,112.856727,77.920384,40.780441,46.599243,18.837158,97.687395,74.015803,65.133168,64.881446,42.707664,99.602487,58.266207,92.963997,99.054705,67.613334,72.792358,28.955958,80.752629,82.148874,16.554583,73.787994,6.113755,107.906215,51.398461,90.028257,91.166235,89.650919,35.496793,113.484682,41.644510,35.778035,99.248393,19.993833,18.523400,97.845408,15.155122,47.005284,78.520939,62.721737,107.604591,26.667828,67.641793,97.567582,13.247401,59.374766,89.843509,114.460837,60.625791,31.788102,50.851810,92.187356,84.672246,104.229255,67.907370,38.100330,74.376262,84.185610,49.997075,118.672119,83.673382,65.608197,57.812684,74.096943,59.398949,83.557526,70.526342,64.343154,126.176245,100.287334,98.403140,109.912815,38.488800,88.070797,10.897584,67.866473,21.245379,37.009930,69.922656,86.566113,80.733918,79.199202,21.625172,85.745197,91.329781,44.362549,38.917533,115.578981,61.593385,115.941105,70.913985,87.753328,83.354169,40.887009,83.206243
17.348712,52.620220,26.972138,46.813199,62.345873,45.753971,26.489750,48.149381,33.349547,44.297813,77.122689,0.000000,15.613965,44.905218,43.610130,66.086439,5.161778,54.604319,66.247919,71.343280,62.903656,27.460572,36.878614,30.078934,5.138448,14.506465,43.749972,16.285815,24.290300,66.514751,50.292288,2.684291,31.303710,13.951263,64.193583,48.301314,18.870085,74.326248,68.342354,58.768009,20.973971,37.461294,51.974191,34.229449,24.183380,32.747037,35.705592,31.574718,39.871200,77.522326,22.963678,10.781827,38.925480,70.124795,54.180780,44.440735,22.444630,33.761100,39.764361,67.260441,45.014829,53.258535,54.722659,27.138856,16.820395,71.985747,63.899084,60.162820,79.096434,36.853808,46.394265,46.668085,68.692560,54.402362,33.330794,31.215164,15.388652,39.494259,25.690356,46.271002,36.793710,45.468563,63.910109,26.217084,51.462934,40.644305,36.214708,59.001684,36.174437,38.021174,40.145302,92.284929,63.041616,63.978090,17.230148,58.618956,59.042788,80.058821,46.043897,28.524625,40.638152,27.790255,17.767415,20.771019,62.520628,9.484082,48.733540,0.837692,37.205616,42.779670,66.467884,61.198785,28.522104,60.442888,38.826033,75.482682,22.544630,25.233086,26.765532,67.740329,20.695782,81.935011,71.185243,79.567342,11.743778,62.212086,27.008110,72.930390,48.782054,30.070625,15.482235,14.543633,30.963520,53.026955,40.928727,36.666201,41.358149,22.128661,65.336517,76.742761,20.893454,67.701399,34.272671,32.364796,15.309662,32.339757,70.755529,49.552770,20.618696,67.386769,32.569172,79.355990,59.756046,26.865865,71.094276,28.549142,50.617387,16.611960,57.751178,47.866845,45.434712,23.070917,10.301565,27.229580,56.931437,35.467678,21.314058,19.471412,5.031834,33.548732,35.528856,45.172840,75.266421,62.997908,36.609022,28.641971,38.167028,49.023454,22.606190,75.818873,16.035906,60.317983,52.127089,25.272376,72.829593,33.946159,65.488946,69.616536,29.851424,39.358955,36.316779,40.767849,54.171967,18.118481,44.501340,80.566777,34.570382,28.571791,51.013434,57.870718
7.720931,37.265559,42.190503,50.959611,54.369147,40.717419,20.025978,41.558749,46.320793,28.694563,81.658604,15.613965,0.000000,44.779335,56.219422,69.004900,20.549158,55.266279,67.235560,63.659600,51.863949,41.276403,52.262405,43.725079,18.972878,1.216506,52.958633,4.005734,38.596979,74.371600,35.436554,17.063977,38.333843,2.041140,49.200570,50.327714,34.474802,63.059390,75.168525,49.420274,36.536313,51.863959,58.899218,48.558873,10.639562,47.656041,50.705300,15.986341,49.909201,67.516411,16.302203,10.033593,45.933240,61.725837,38.908040,46.801638,12.117790,48.316337,24.544994,52.730617,29.764891,37.644749,40.233595,18.956089,18.329593,61.222881,49.276875,46.237415,67.809479,24.210203,34.493595,35.886389,70.879802,40.439982,25.379124,34.207052,26.390105,52.896027,38.342461,44.813793,38.659526,36.384300,50.451200,14.027363,37.442661,44.316184,31.168214,63.473140,49.744480,49.011723,24.689297,80.805522,47.579017,64.448900,8.040734,46.473125,53.591803,70.080435,46.769580,44.052366,31.693119,41.816438,25.644153,36.032835,55.910438,18.569609,35.134829,15.221803,45.078007,54.671671,74.172488,46.065193,16.539801,50.968168,29.705975,71.372011,25.937157,38.090289,40.001594,52.848700,14.893721,72.204347,70.004479,68.223323,26.263042,68.511676,42.571359,76.680918,33.915454,41.265326,26.252363,22.247191,45.586516,52.041259,31.849226,44.926094,47.241585,24.170984,73.197738,77.667233,25.386979,74.693794,35.041394,18.643556,20.612794,26.759890,70.091651,39.238709,21.235476,70.294139,26.938148,66.518562,44.561741,22.736652,69.294022,30.813339,35.453334,30.895038,42.141816,37.471933,45.627098,38.661663,8.304379,34.808318,42.918490,50.939990,35.839324,28.438816,12.956275,47.532984,51.008468,34.035976,66.670229,49.555885,22.282305,16.987790,28.345590,47.907830,7.782682,78.284251,30.650758,67.809962,50.817581,15.939122,59.979702,49.519010,53.362090,70.140504,44.971455,54.334386,37.607213,49.564676,39.985901,20.414389,34.526123,71.075813,49.689035,13.376895,48.614197,44.499318
52.397128,68.155455,50.016157,13.552579,29.971962,14.134751,64.765378,19.021577,40.267691,58.069149,39.209184,44.905218,44.779335,0.000000,43.376524,25.336046,44.378473,10.522611,22.467249,35.798193,40.404989,67.208211,68.039202,69.774438,49.658582,45.087624,29.421009,48.756841,63.459297,39.361774,51.050644,47.463186,21.196057,43.418614,61.119928,7.920455,52.516802,49.303557,37.506514,32.049037,50.975338,73.926216,25.451515,71.464452,39.282973,67.993272,69.886690,48.831441,30.981604,47.450013,28.993489,37.281488,20.590473,36.792204,56.905056,7.264882,56.808294,70.296536,59.778652,59.811847,63.339537,63.259994,75.532230,28.233504,28.558320,45.704755,58.054915,82.676775,53.112095,36.245301,76.200124,78.678457,26.522132,48.029016,70.045265,14.573951,33.940789,45.092202,67.673054,3.922958,8.951071,26.109167,51.305419,57.819856,74.741275,10.949893,16.837665,22.746756,44.296024,33.904622,50.814400,64.855856,65.548739,19.686700,36.810126,42.114255,20.933503,49.427893,2.951839,60.171535,25.413249,43.081418,62.672468,57.299227,26.303435,54.306520,73.859514,45.552313,23.051629,39.659569,38.804118,60.262844,34.975111,33.442669,26.034164,32.410744,66.794668,37.603869,67.736219,62.855988,29.969423,50.221006,26.280504,53.700746,53.650385,30.762349,54.256524,33.519002,68.713749,32.686090,60.009544,59.398703,67.774515,8.239238,75.973211,24.187496,17.464342,65.849776,38.418175,32.890480,65.395927,37.487921,10.633685,39.331753,29.654383,71.504943,25.904345,31.107208,63.568303,26.546962,20.235409,59.675104,75.361225,22.330831,26.299592,16.496134,53.642396,57.621672,65.594231,30.850937,1.156336,52.734660,49.180719,23.631271,79.491922,65.959415,43.438520,29.249799,40.607961,45.220752,65.909178,32.629892,41.417287,87.007525,61.519805,60.753810,72.272084,4.717263,50.258821,33.934521,42.652574,33.205276,7.644401,31.246026,54.699001,63.117559,46.331486,25.390574,64.638863,72.984528,8.838447,26.848443,76.404576,26.923846,78.029111,48.356449,68.293981,44.454343,8.547445,47.064834
60.512109,92.294823,22.530721,32.423417,73.097162,55.394845,69.976126,60.248540,10.287729,82.578629,49.616050,43.610130,56.219422,43.376524,0.000000,46.077923,38.879570,45.609218,51.738219,79.146970,81.643837,45.753661,36.760357,47.295555,44.598832,55.524345,15.117747,58.532001,42.848384,31.797814,82.675447,44.299129,24.662685,54.179671,95.694126,38.969908,32.918716,91.696253,36.196563,73.992456,29.247839,46.067340,25.530188,45.282638,59.376851,40.837617,40.895696,69.820211,12.409308,90.671635,50.336019,46.456612,22.789885,80.143202,88.031743,36.770821,65.791564,43.707747,80.206928,96.415770,85.240895,90.624687,96.347550,53.451025,40.871244,88.255589,93.777410,102.456738,95.824747,66.087306,89.774680,90.249402,49.995096,83.114067,76.865334,34.106215,29.829811,5.751745,49.406640,47.210286,36.592624,64.221505,89.598670,69.222990,93.661965,32.430478,51.235345,36.965098,8.704266,9.769789,76.467940,108.001799,97.477480,51.690072,52.177818,81.262866,64.297164,92.724396,41.615271,33.066134,61.028381,16.814883,55.046818,37.033916,69.679761,50.198123,91.300435,44.403471,20.409966,3.821387,32.201017,93.670774,59.655555,75.568406,60.357040,72.578055,62.272807,18.406977,47.826622,98.442613,49.032348,93.583385,61.280398,96.405339,42.061349,33.353629,26.941460,48.583959,89.833382,15.503295,50.280824,53.604145,42.448018,49.211024,84.507299,19.359447,26.188049,62.917814,30.872053,59.521497,60.217517,35.221385,38.882085,65.114698,36.910956,75.429122,59.530862,69.735862,62.521680,47.001985,51.091468,101.016543,99.850926,47.299718,62.930355,36.012983,84.272245,42.424712,94.449341,68.752360,42.765006,29.042282,53.708511,25.411400,99.136126,34.877065,23.431930,28.565787,43.751092,12.063358,34.743792,68.583078,84.793041,105.718621,78.500518,71.877064,81.775910,47.573584,64.001725,54.453654,28.211264,28.374671,49.588143,54.402916,95.328233,32.076322,86.835545,55.384591,38.423670,42.403514,37.893391,16.728922,96.189225,39.246658,88.111303,91.726530,39.424240,65.513380,51.790386,84.194872
76.392657,93.254007,62.064768,19.387587,45.423153,36.938021,88.690727,40.805674,48.678424,83.249494,14.241222,66.086439,69.004900,25.336046,46.077923,0.000000,64.176915,15.496705,8.406973,46.459188,59.083793,83.422151,79.806514,85.715351,70.196559,69.148463,31.652500,72.885670,79.770308,23.453941,75.197352,68.357709,35.742826,67.443748,83.792696,18.696514,68.246236,64.932467,18.827437,50.562247,65.650305,87.679181,20.557990,85.887800,64.437655,81.789484,82.905381,74.154860,35.927303,60.034326,53.879779,60.476946,29.352158,49.269134,80.989543,22.229529,81.122645,84.475874,85.114308,81.447382,88.632084,88.007963,100.809515,53.488425,51.412928,61.238488,80.282519,107.968355,67.512674,61.286587,101.383168,103.729975,3.962609,71.070079,94.381848,35.310347,52.203288,50.405215,85.153924,27.126411,30.369846,49.317151,72.227056,82.517449,100.073728,25.461663,42.078464,9.147234,51.351275,39.807020,75.993808,76.619855,89.118433,10.913497,61.256634,62.993934,35.051544,61.190778,22.764426,73.476620,49.783240,54.307715,83.414622,73.258250,39.786227,75.519998,99.188899,66.845972,32.070781,42.504669,22.661113,83.469941,60.303189,51.406661,50.725148,32.275102,88.617665,50.329867,84.593162,84.947922,54.568329,60.946108,18.414719,68.081356,72.459537,15.219017,66.917981,8.267287,94.010081,43.615200,79.941342,80.477045,82.386938,21.258294,100.664298,33.162371,25.840275,88.041667,23.163483,13.443598,86.977314,19.438650,33.986949,64.642790,51.114483,95.389050,16.127428,53.436690,86.123740,1.303989,45.571455,76.657302,100.339847,47.275532,20.992782,38.487417,77.961173,75.524329,90.006080,53.678825,24.268450,66.808028,72.261190,39.738053,104.798787,77.722952,57.544307,47.384344,62.583842,53.718105,77.627026,56.285677,52.171644,112.321541,86.783135,85.485512,97.024301,24.291356,75.050017,9.793662,58.894423,20.750538,22.769897,56.433943,73.042533,74.738274,65.456429,10.856935,78.664891,85.336432,31.400081,31.850916,101.716560,49.467095,102.929458,59.021526,81.291678,69.750543,26.653962,69.071301
22.482492,57.697991,21.821609,44.793695,64.086517,46.819124,31.097208,49.660682,28.593090,49.234880,74.592748,5.161778,20.549158,44.378473,38.879570,64.176915,0.000000,53.601932,64.968666,72.890632,65.685267,24.799220,32.582364,27.467572,6.313650,19.487004,40.071092,21.430193,21.324285,63.026337,54.620987,5.432047,28.722554,18.778397,68.544859,46.967393,14.229395,77.104551,65.159497,61.012142,15.999446,34.120206,48.930900,30.996811,28.414832,29.022142,31.855487,36.413229,35.975584,79.826390,25.589960,14.135713,36.102055,71.927273,58.717424,43.085987,27.523690,30.346960,44.863008,71.371500,50.111951,58.152679,59.883682,29.874536,17.737673,74.597481,68.064666,65.314790,81.854323,40.510727,51.417930,51.568180,66.993175,58.325990,37.990887,30.131280,12.189143,34.580287,23.945243,46.151918,35.852978,47.835010,67.577860,31.350176,56.620753,38.944234,37.582013,56.669687,31.235337,33.836089,44.841467,95.053657,67.698205,62.896974,21.068856,61.830232,59.988091,82.336834,45.201585,24.045628,43.071185,22.785497,19.297616,16.853530,63.802550,12.083083,53.878101,5.819199,34.119735,38.258751,63.026728,65.635587,32.205789,62.710325,41.361062,75.788811,25.244308,20.624829,24.565650,72.028880,23.317306,84.113196,70.563665,82.343762,9.525793,59.250260,22.030375,70.684292,53.926875,25.961741,15.839072,16.614995,27.536986,52.601270,45.647935,33.455820,38.867543,25.252884,61.855624,75.377084,23.381048,64.471716,33.817833,36.438971,14.995732,36.652354,69.968293,52.243967,24.226441,65.466681,34.275324,82.703774,64.869683,28.449843,70.678063,27.884006,55.100974,14.094388,62.602974,50.611115,44.787224,18.151783,15.415873,24.629222,62.087421,31.048650,16.228940,16.841340,8.375488,28.524584,31.097522,48.202355,77.093071,68.122832,41.768891,33.733882,43.009621,48.724758,27.713992,73.961505,10.972599,56.995380,51.826471,28.425573,76.211672,29.333853,68.640272,68.451289,25.943134,35.498134,35.593862,37.278671,59.332427,18.517044,49.312474,82.668453,30.608341,33.194118,51.095970,61.540566
62.859305,77.804776,56.339140,13.204936,32.471419,21.518583,75.228187,25.616123,44.812648,67.840332,29.703780,54.604319,55.266279,10.522611,45.609218,15.496705,53.601932,0.000000,11.972530,35.775433,45.167406,75.350704,74.517968,77.837657,59.180341,55.551170,30.581652,59.234737,71.606120,33.687647,59.739519,57.086909,27.488885,53.874014,68.678656,7.290573,60.329039,52.377585,30.657573,36.554677,58.358180,81.216247,22.843311,78.983719,49.739621,75.246640,76.864059,59.103921,33.508525,48.812318,39.514313,47.538237,23.883172,37.800775,65.545621,10.901172,67.313580,77.714935,69.936242,66.647839,73.316258,72.511600,85.466172,38.646258,38.661870,48.663896,65.289937,92.640235,55.560740,45.842679,86.615046,89.147761,16.154300,55.822542,80.557001,23.484338,42.428781,48.495195,76.271896,11.684781,17.817082,33.943745,57.622815,68.342013,84.853342,15.734210,26.799927,15.691347,48.407193,37.056419,60.589734,66.084256,73.782076,9.387540,47.315368,48.335870,22.086603,50.398904,8.634652,67.150980,34.287120,48.905566,72.331656,65.255738,27.422086,64.072344,84.088294,55.292284,26.780162,41.787959,33.007538,68.211217,45.252173,37.623250,35.236997,26.992321,76.786154,43.894195,76.114282,70.012695,40.482896,50.673230,17.411315,56.147461,62.610717,24.566262,60.899804,23.762446,78.696407,38.004200,69.396843,69.146962,75.332107,6.166824,86.494198,28.012700,20.013336,75.938524,32.948152,22.457873,75.315366,30.879751,20.612932,49.386307,39.295996,81.966471,16.480769,38.276062,73.745328,16.604117,30.488329,63.648283,84.860077,32.851607,18.236271,26.070338,62.484887,66.293969,74.525690,38.405099,9.639182,59.909416,59.450803,30.831341,89.497263,72.412873,50.456232,37.569645,50.530359,49.966690,72.344318,40.868005,41.650236,97.031393,71.881226,71.274743,82.790599,8.794822,60.778702,23.520531,50.510335,28.447997,7.573217,41.697930,59.422531,69.480241,51.450291,15.073097,71.945500,79.737939,18.338701,29.039386,86.426945,36.909927,88.531536,48.734918,75.247550,54.790868,11.503380,54.098942
74.831816,88.586186,65.612929,21.491166,37.794930,31.635949,87.200712,34.897173,52.966898,78.792743,21.077661,66.247919,67.235560,22.467249,51.738219,8.406973,64.968666,11.972530,0.000000,38.239680,51.767020,85.837158,83.671387,88.248231,70.705643,67.523607,36.780737,71.205965,82.119124,31.732079,69.664359,68.679705,37.638174,65.846531,77.387482,18.002301,70.683432,57.013900,27.222146,43.379695,68.415867,90.985553,26.502556,88.955659,61.520806,85.032175,86.410187,70.636083,40.616464,51.832524,51.425484,59.463701,32.463090,41.171255,75.363776,21.883678,79.274839,87.614553,81.309177,74.666134,84.473734,82.896085,96.543374,50.391375,50.541725,53.344650,73.724660,103.736773,59.426050,56.765723,98.300356,100.921292,6.096423,64.948790,92.512352,35.033442,53.442562,55.551955,87.098331,23.088880,29.506687,43.662807,65.304743,80.254770,96.142080,26.207855,38.247015,15.511557,56.076526,44.440512,71.580321,68.288214,83.114403,3.345110,59.276365,56.175776,27.626261,52.920315,20.558874,76.793836,44.792819,57.946388,83.908250,75.672232,32.034517,75.730844,95.522238,66.956840,35.363289,48.016141,30.946124,77.313950,56.828844,44.086392,45.976038,23.939349,88.558082,53.414167,86.775947,78.301822,52.436532,52.616786,10.291481,59.988663,73.760443,23.161575,70.353931,15.026654,89.846139,47.016885,80.804856,80.784976,85.361234,16.168424,98.395692,36.555325,28.618491,87.765408,31.372937,10.529484,87.046893,27.811784,32.522927,60.717292,50.971221,93.938997,8.143926,47.296719,85.619344,8.660459,42.115317,68.838853,95.450886,44.765928,12.709537,37.817487,72.531355,77.224570,84.566355,47.739861,21.609946,69.790313,71.374002,41.348581,100.649591,81.567769,60.361079,48.556707,62.303805,58.116634,81.484670,50.698961,43.898372,108.192566,83.503285,83.177997,94.680329,19.977466,72.678634,12.416763,61.009978,28.470597,17.655286,53.484447,65.489477,78.593581,58.147722,3.753890,81.802172,89.072459,30.168893,36.258189,97.605519,48.748254,100.372670,50.698271,84.788444,66.408480,21.179757,62.543872
