Traveling Salesman Problem Specification

Visit 200 cities. Distance table:

0.000000,18.606433,79.937015,48.680373,58.655441,59.140532,91.348238,85.626060,41.924774,80.770061,27.530757,85.395589,52.485289,32.434482,76.775685,8.267006,77.840405,26.671318,69.132245,50.362443,71.326337,52.974122,89.663276,81.227998,43.674498,20.424508,53.256613,27.324182,48.957545,25.145266,45.596525,83.704239,59.801655,25.483206,84.103993,52.634362,56.350229,93.691623,93.217255,31.558447,26.373656,17.808758,6.547912,71.294610,9.356711,78.786783,32.993023,30.060409,73.955214,50.920587,114.985147,44.514690,37.853423,82.646020,31.468001,94.945354,26.939146,83.586174,42.836454,45.647186,45.914305,44.443502,38.793630,72.886187,32.297902,79.174853,84.559894,76.894617,58.698009,9.213294,70.988445,58.205199,64.482900,9.783022,32.339897,56.777837,9.693775,80.363884,68.672682,87.937610,58.077615,75.669065,84.047845,39.696220,59.376986,19.428684,63.525248,62.302880,41.817077,54.234562,8.813115,94.780009,63.613940,80.876145,28.481351,50.237242,17.383159,74.604909,63.189879,37.514974,26.433746,66.473997,20.097281,87.458695,47.720071,79.910165,23.660808,69.293066,80.626156,94.214915,72.854862,16.125675,44.033587,71.786710,51.116048,46.171957,81.740356,3.939951,19.211740,68.650965,80.739762,69.786058,91.332105,45.703708,59.686750,108.014228,68.429175,96.397703,19.665946,68.451453,31.629091,103.484993,63.103486,91.610122,61.468138,62.065840,60.950602,62.221269,36.402411,83.733789,94.303808,44.063202,67.134588,89.802380,82.439790,89.247314,38.284582,68.939142,44.700505,59.143886,25.155617,32.474377,86.430315,47.770776,47.299172,93.429198,51.647860,28.181377,2.860753,32.887185,84.538219,81.742508,66.003140,82.692618,30.984088,70.516173,53.326679,89.735634,64.645754,50.772417,48.773801,35.814800,74.391485,70.590543,25.662179,38.031097,98.670012,80.740443,48.297855,79.218138,92.131423,34.774715,10.100858,90.491279,27.363558,78.482426,94.769999,102.246347,75.572667,46.306079,93.571274,59.183765,68.717694,25.084857,63.773675,23.041737,64.319807,68.192982,98.679585,21.770852
18.606433,0.000000,92.879486,65.860918,73.963156,76.498898,98.549419,83.086178,49.720350,73.518002,32.105519,79.196595,62.173648,38.254381,90.090901,26.335394,77.367413,14.807777,66.831608,58.742976,76.742289,69.743475,83.580658,80.265663,45.364060,16.592291,63.106248,19.371729,39.856595,43.735843,57.257630,96.408020,73.664602,12.410967,79.673975,64.492559,70.306511,99.786424,84.994413,19.984346,9.377047,33.284735,12.863093,86.390922,9.416478,70.751053,50.145603,30.098207,69.265582,52.793772,122.856242,56.026885,38.804470,81.118193,37.265430,100.217601,34.762296,78.658503,61.273686,63.945054,42.071899,32.545804,49.406991,86.226929,35.800521,85.700078,86.759947,67.600505,53.197843,14.838130,63.414665,64.750210,54.281801,27.593987,37.365225,73.719058,17.654038,92.006621,62.992437,93.990583,76.465914,91.356815,95.220695,52.526284,75.413102,37.591148,80.210039,52.891647,38.282865,68.929666,27.374710,97.742731,74.135937,83.229770,42.822874,59.533898,8.171429,90.625066,81.014581,36.881496,30.681868,81.733292,36.924879,96.911609,66.111164,85.075283,36.934056,81.541579,84.469193,104.902928,90.845803,21.200223,62.407422,86.799061,69.511519,47.519124,94.909719,22.489921,37.062195,77.744146,86.709373,83.152092,84.261101,63.682940,76.341196,115.044607,85.379015,103.642803,18.567158,64.573875,42.092479,108.596107,76.331063,85.731563,79.220947,72.481981,65.919726,57.981250,50.911351,94.563409,95.126095,39.422442,66.673492,96.096784,95.504699,87.121933,54.998143,82.589283,63.150291,54.988537,8.734840,41.472940,94.360348,48.733412,40.044409,97.128244,56.651844,19.904696,16.384877,51.229006,85.025883,86.080451,61.717678,85.798408,48.198316,80.696709,59.465073,88.320784,70.546623,54.878048,67.015245,51.714546,71.467492,83.271406,15.978114,44.145689,102.987913,71.160336,47.389471,75.791763,85.932432,24.301432,17.079900,98.245794,43.326401,88.625904,105.410592,111.993780,71.554649,44.469490,85.317523,69.539071,66.642268,9.915922,62.186939,5.869020,64.044980,59.905527,108.575560,35.672867
79.937015,92.879486,0.000000,40.669287,25.020382,37.661955,34.514078,74.731174,45.971785,90.601566,62.917799,88.863787,33.097255,57.150281,3.825333,78.271028,63.935552,105.606235,68.700730,38.092520,39.491386,35.764941,90.584000,66.858192,58.992560,78.784265,32.056455,81.889896,85.229267,65.591265,35.700042,3.976424,20.471460,103.860094,81.460283,28.522364,23.886145,40.787933,101.059704,87.390534,94.462625,62.153073,81.989431,16.412959,87.027212,92.541852,50.913399,68.569418,78.466010,55.968052,46.745834,36.956752,63.129151,69.575912,57.939696,45.184344,58.725275,83.141425,55.485196,52.295303,71.925143,90.919721,43.746272,7.313840,61.289265,34.609175,54.947164,96.193887,77.171656,89.147500,87.464240,38.781606,93.523687,78.689116,58.589529,35.020339,75.608765,8.019695,80.203176,38.726039,51.939201,19.960245,11.446821,40.533064,27.939116,64.519085,30.488017,90.134804,71.665243,26.940981,75.576270,55.546690,21.842641,53.285863,51.455931,35.902225,85.678177,22.809529,42.175475,66.543976,64.239314,19.662247,60.825369,21.786484,53.339110,40.916047,56.611179,11.760946,46.875300,19.637599,45.181951,71.810121,53.988846,15.682806,52.771973,58.906803,2.432850,78.116988,63.535600,24.386515,37.378329,10.307530,95.388558,48.389391,31.686242,44.930882,31.825768,36.717689,76.018529,74.015122,50.881319,50.473080,16.835073,90.811519,41.438361,23.368817,43.181558,73.903808,43.649004,13.237532,64.650823,73.961640,61.927659,38.237925,2.694353,74.633332,45.441095,11.544425,55.239852,73.169498,93.087631,52.026944,29.165944,59.389324,80.326668,51.658643,46.700640,82.249970,80.151103,57.908945,62.110371,44.934617,74.813626,50.538257,52.637503,18.768102,42.508916,71.958211,38.708160,49.681695,50.566293,45.566702,72.222299,9.639781,84.448374,52.382207,51.371231,99.252675,64.180689,75.667010,92.368606,85.869233,89.737718,31.476398,53.296164,16.556686,20.238341,29.452694,76.586370,66.916703,101.394293,25.832484,67.831374,91.402628,65.476617,98.728505,61.078758,88.772739,26.163084,58.304441
48.680373,65.860918,40.669287,0.000000,15.715138,10.683981,67.392473,88.950380,38.694703,96.254449,45.913707,97.557216,35.184871,43.171290,36.855614,43.997232,77.908674,75.260246,76.111101,38.639674,57.800520,5.181203,100.780278,81.651237,53.427244,57.014417,34.903670,62.904126,76.336439,27.465177,27.209955,44.589435,22.602833,74.161129,92.329319,27.652660,20.452805,72.451876,108.870931,68.972867,70.921647,32.751892,53.136824,26.501817,57.616888,96.431327,15.746492,53.270597,85.097917,55.822380,85.768901,27.699026,53.211554,84.136751,43.284108,75.784033,40.221547,93.101507,14.860919,11.944078,65.230812,77.814407,30.931510,33.639409,47.637486,60.008927,76.021564,97.701625,76.030787,57.129911,89.254371,47.067320,89.710381,43.824298,44.752879,8.227825,48.700021,45.151388,83.398731,67.983452,17.826503,28.863901,49.601382,23.788737,13.223441,29.641567,15.186960,86.451182,62.712267,16.210188,41.614888,81.998079,37.289115,72.855850,25.402772,35.793277,60.860039,27.116120,16.234711,56.004598,46.588398,21.846827,28.951174,57.619355,13.602788,64.448180,31.303953,34.792924,68.650945,59.598535,26.278270,48.183306,13.439629,27.191677,14.423136,55.044572,41.486738,45.602242,29.528188,45.024986,62.760003,31.174668,104.528916,7.819752,11.558774,81.913519,19.771071,71.404325,54.243873,79.242704,33.085072,83.329796,27.100779,101.904158,14.259006,36.807949,52.869629,75.744143,19.493332,50.410941,87.310494,65.724555,70.414825,68.761975,42.405385,90.793801,11.102789,29.524716,14.829127,73.539633,69.482687,36.299770,61.347926,56.510427,72.090306,78.907456,48.471303,63.603404,50.059002,18.696903,80.488350,68.106971,78.430174,72.186663,17.731952,42.690743,46.090714,89.400287,52.307648,50.416754,11.129871,15.492173,81.326455,34.191692,63.980608,42.544268,81.483500,101.509054,60.687424,86.130725,103.109540,69.523978,56.893265,65.095441,22.941860,48.472862,60.215060,69.279861,84.763050,61.621132,109.247028,35.574182,75.299780,68.417079,70.872245,71.127652,68.154774,88.631079,65.743541,31.631415
58.655441,73.963156,25.020382,15.715138,0.000000,15.761875,52.893771,80.354011,35.519935,90.902105,48.240672,91.112170,27.030050,43.776974,21.227243,55.589643,69.073411,85.184259,69.529539,31.824626,46.633186,11.069314,93.859222,72.659031,50.870069,62.256341,26.349786,66.985373,76.276171,41.210461,22.420549,28.967276,8.305660,83.745107,84.983336,18.687154,8.160596,58.325561,102.965701,72.969469,77.409078,41.117473,61.911249,12.648105,66.786244,91.747479,27.036244,55.185086,79.097546,51.129481,70.232750,23.497053,52.594573,75.295657,44.238480,61.977911,42.920059,86.098343,30.574682,27.535703,63.815402,79.634399,29.460234,17.928740,48.418716,46.999014,64.843383,93.959099,72.736989,67.679110,85.204086,38.301722,87.896023,55.759055,45.414263,11.674347,56.310243,29.519852,78.643542,54.318730,29.654758,17.460517,33.974288,23.220116,4.950575,41.285361,11.457150,84.502016,62.167568,5.916706,52.980066,69.412926,24.557474,62.030194,31.144081,28.756463,67.742604,17.159794,22.215656,55.835590,49.284381,7.823506,38.657006,42.383980,28.853724,52.133093,37.121095,19.639027,57.005855,43.895901,29.656068,54.036519,29.130254,13.168944,28.823669,51.858090,25.977004,56.215084,40.611591,32.091217,49.878975,15.485826,98.060989,23.507485,9.644090,66.744613,16.564638,56.599606,59.388194,73.583327,34.718606,69.094513,12.326207,94.684837,20.694336,24.603201,44.164851,71.259585,23.095847,34.877177,75.947856,64.998216,63.211093,54.817933,26.873988,81.586467,21.384664,13.813342,30.462601,69.550986,75.970272,37.159609,46.845634,53.001605,71.608411,66.034675,42.389381,67.545510,59.426565,33.126057,70.285347,56.040425,73.354372,60.709658,28.936026,28.691914,39.024668,79.735610,42.211464,44.940314,26.151890,22.860305,74.307554,18.683693,68.807612,41.053366,67.905184,97.555832,57.685684,78.768387,96.038704,72.572677,67.886627,50.397484,31.292561,33.520886,44.512313,53.601103,78.185228,59.433716,103.332972,24.371676,68.666592,74.579591,64.830872,79.615501,61.364501,85.319924,50.082765,38.290421
59.140532,76.498898,37.661955,10.683981,15.761875,0.000000,68.298862,95.174851,47.077481,104.206486,56.034709,104.993556,41.206218,52.854783,33.911855,54.084820,83.950535,85.622481,83.398687,45.433765,62.159215,8.238873,107.982312,87.608581,62.252154,67.623003,40.698940,73.408593,86.085809,36.791968,34.572150,41.295686,24.064197,84.594134,99.281269,32.985590,23.363043,73.879511,116.600484,79.483334,81.604513,43.433042,63.743435,21.588378,68.164715,104.677072,26.354078,63.363455,92.709506,63.840487,84.239628,35.334209,62.663038,90.196415,53.059773,77.621929,50.361281,100.238611,20.877026,17.183731,74.532471,88.002228,39.731571,31.508946,57.417915,62.760420,80.424994,106.334196,84.749885,67.421401,97.737368,52.946928,98.999320,53.790121,54.470593,4.608533,59.380835,43.656274,91.566838,70.008655,14.380827,21.648155,48.036418,32.607157,10.966173,39.903904,7.444466,95.685201,72.258156,19.674435,51.800096,85.173444,40.268901,77.524557,35.861957,42.411881,71.544002,19.240695,6.872175,65.607952,56.789138,18.051389,39.574921,57.218583,17.169336,67.868240,41.847306,34.915761,72.660249,57.272403,16.242084,58.816269,19.198301,22.342412,15.669950,63.656414,37.866259,55.951673,39.934921,47.844994,65.640811,29.803401,111.972617,14.661788,6.321834,81.498915,9.966555,71.783990,64.836871,86.989848,42.871134,84.576093,27.989131,108.951059,5.076108,40.225085,58.844618,83.990943,29.335706,49.240815,91.583675,75.236940,77.352686,70.440636,38.820416,96.640450,21.764713,27.983678,19.892458,81.977127,80.165251,45.945949,62.277382,65.014052,81.706422,81.794831,55.782796,74.092435,60.607544,27.836596,85.633658,71.754356,86.436965,76.341733,28.313085,44.393878,52.886480,94.941146,57.402642,58.032721,14.474273,25.947817,88.413338,33.497030,74.568482,51.594947,83.590564,110.069983,69.417596,93.053368,110.238709,79.903583,67.066084,65.692911,33.615773,48.755393,57.878226,67.092611,92.089953,70.646033,116.973257,39.729906,82.557441,79.092605,78.396539,81.723395,75.293824,97.397768,63.735469,42.257494
91.348238,98.549419,34.514078,67.392473,52.893771,68.298862,0.000000,48.434213,49.596407,68.847468,66.525126,64.945147,39.439953,60.470386,37.156619,92.780168,40.018256,113.051336,49.507871,40.986253,22.699479,63.616258,65.317854,41.522778,54.640406,82.177633,38.860432,82.315882,76.450270,85.791215,47.928488,32.895572,44.964071,110.824117,56.826243,42.575927,46.948445,6.357804,76.508429,86.324320,96.771715,75.527168,90.906218,49.515435,95.700394,71.937727,71.445218,69.071898,57.808761,48.133492,24.410003,48.645516,60.906771,43.890380,61.478456,10.913123,64.948355,58.988660,81.596359,79.210939,64.270882,84.717236,53.004276,37.936089,62.777398,13.037863,26.743138,77.026831,63.438725,100.031123,69.301691,33.812284,79.076793,93.733278,61.228597,64.533081,83.962053,26.590081,62.127012,7.324327,82.501077,54.219982,23.291829,54.644108,57.389989,81.763915,62.105707,76.101560,66.006782,51.188035,90.164739,22.681889,30.922765,27.101080,65.856495,41.337895,90.435069,56.932678,74.049103,63.715351,67.936443,51.065623,76.418848,12.956117,80.994804,16.187643,68.611709,33.383245,20.863286,21.301060,78.767567,78.252215,80.436898,48.891324,81.459679,53.115832,35.957821,90.966077,80.230828,23.805081,12.921460,38.844681,70.402346,75.001234,61.977435,16.670154,64.848148,5.097300,79.992787,55.472946,59.819482,16.326705,40.610919,64.855123,72.879789,31.932329,33.210540,58.342339,60.484864,21.334662,33.313570,67.091668,43.721518,5.304530,35.269171,46.820890,67.240881,40.657568,81.974142,59.070889,95.646332,58.909892,6.055120,52.542879,71.972758,18.727485,42.072963,82.318582,90.471413,80.373548,34.646109,18.212335,57.493740,23.141660,72.522541,24.758809,39.084746,43.532856,28.157457,44.218607,78.460253,64.919358,50.698512,34.959222,85.656537,54.531925,17.002083,79.122424,56.105883,52.300112,66.509733,83.302012,101.378910,3.126676,69.904637,19.604808,21.184985,19.733517,54.976108,59.514172,76.782405,34.229597,48.814298,93.657375,49.012852,104.213690,44.490046,72.003803,18.369448,70.739181
85.626060,83.086178,74.731174,88.950380,80.354011,95.174851,48.434213,0.000000,52.287631,22.388666,58.704173,16.983045,54.032542,55.469225,75.529805,91.054061,11.291849,97.351103,16.526279,50.316236,35.452307,87.682634,16.885007,7.911389,42.639747,67.838196,54.489793,63.715312,46.322141,93.713191,61.793752,75.096065,72.589744,94.819610,8.944996,62.189309,72.221170,43.923531,28.090629,64.397453,76.996839,77.150903,81.807163,84.192691,85.091917,26.311299,83.788788,55.669244,15.763397,36.378288,66.451694,61.433127,47.858509,5.184331,56.200559,40.446503,61.457214,11.312598,98.905800,98.208734,41.057377,55.894571,60.126741,74.046805,53.953292,40.921073,21.695498,32.317102,30.766092,91.582293,27.324732,42.228017,39.991130,92.541182,54.865363,90.585715,76.009084,67.424977,22.682463,41.183634,106.751575,90.493825,66.390413,66.413608,85.236552,86.652085,91.781723,38.313917,44.981513,75.553100,89.177086,29.215040,57.126315,22.003425,72.508430,53.167067,75.625290,92.393916,102.014120,48.164520,59.565860,83.100625,80.695385,58.490430,100.742602,34.683998,71.046848,66.743470,28.702018,68.731075,110.008442,69.503878,98.486523,83.868037,102.731106,40.135731,76.953495,87.349356,84.811001,51.232294,38.611469,73.010469,21.971439,94.492537,89.730108,57.208385,96.505467,51.201043,67.193350,18.790962,62.519646,44.661025,70.130864,16.510983,100.246296,56.513559,36.330715,25.336136,72.465046,64.343162,19.233003,43.663819,19.498111,43.142533,76.658715,4.310139,82.572877,74.320630,100.132146,28.202791,76.473940,59.504212,50.070875,38.419490,44.110288,32.017497,41.030749,63.206076,83.446323,92.775555,13.788136,31.140173,21.811233,25.582276,83.686264,56.628645,42.899909,7.060227,38.320627,39.783318,99.074333,78.067885,11.621943,69.479749,67.155761,51.712666,37.844167,33.183983,37.328476,7.923352,18.152213,60.102760,93.724458,50.896959,77.753450,58.628184,68.766803,68.085763,12.588658,39.481389,28.358232,56.119260,16.909192,74.523624,21.874859,87.334645,22.231088,31.339653,66.771684,72.882396
41.924774,49.720350,45.971785,38.694703,35.519935,47.077481,49.596407,52.287631,0.000000,57.569590,17.809847,59.117734,13.060311,11.665513,43.998400,44.287797,42.004599,63.861974,37.979356,9.025445,29.620285,38.891535,62.530668,45.778790,15.379940,34.038741,14.083580,36.172353,41.019518,42.208476,13.099655,48.976790,30.703685,61.738919,54.429804,18.522410,28.311211,51.767187,70.237157,41.493471,49.542765,27.608231,41.322386,45.051883,46.156967,57.759394,31.506994,22.660879,46.580416,17.196034,73.584544,12.060527,17.612365,47.947986,12.595399,53.092560,15.369990,54.970911,46.844703,46.486776,28.314673,45.432662,7.995672,40.467884,15.395924,37.256473,44.744440,59.257759,37.686126,50.463731,50.687368,16.327018,52.417799,45.447734,12.896519,42.589771,34.379597,43.441353,44.707199,46.014027,56.305114,51.361531,46.174397,14.940076,39.491995,35.940164,46.172673,49.037770,26.921560,29.634075,41.832798,53.986964,25.133362,41.086334,20.555513,10.249255,41.822511,51.943043,53.822418,21.007743,19.226020,41.595832,29.973444,47.194035,49.108195,38.184464,20.675453,34.210853,39.571231,55.455211,63.191974,28.858558,46.558208,45.149583,51.433897,16.594214,48.273904,41.906081,34.149585,28.028237,38.830802,37.714569,66.059906,43.059471,43.031574,66.260087,51.693364,54.677274,31.504494,40.661097,11.350633,61.633108,31.363393,63.809016,51.872511,23.456370,19.858498,37.061579,20.429948,45.296857,55.493783,29.639753,32.937843,47.882234,48.665483,54.843082,30.689742,37.829247,48.179852,34.932799,48.248192,9.511015,44.965674,17.937868,36.255203,52.191006,11.604996,36.466032,40.913733,40.512141,46.695996,40.357387,39.747051,42.129500,31.414050,31.278043,11.783709,54.173704,22.866298,12.507419,47.746444,25.971774,43.383711,36.520295,38.973066,6.410446,57.072474,63.004204,22.390792,48.347706,64.919511,39.900875,51.877131,48.954868,25.748353,39.088632,55.938539,62.281427,46.495406,23.930928,70.614095,20.601091,37.217632,46.410974,32.531278,55.531663,30.393631,50.335909,58.883194,22.792170
80.770061,73.518002,90.601566,96.254449,90.902105,104.206486,68.847468,22.388666,57.569590,0.000000,57.037321,7.086335,63.909551,56.085498,90.656071,87.599882,28.835871,86.460706,21.975502,59.102522,51.618238,96.153977,11.004456,27.605930,43.607598,60.825920,64.652918,54.967161,33.701849,94.552029,69.634932,91.695423,84.057505,83.959585,13.560834,72.221512,82.846694,65.054931,12.929481,53.578248,65.765281,76.932007,75.674430,97.241319,77.828319,4.241741,87.651427,51.624191,12.154822,40.448060,88.440905,68.903434,46.267128,25.618433,56.484867,61.996280,61.432823,11.193748,103.517244,103.618117,35.353476,42.159840,65.443478,88.468666,52.932363,59.301620,42.574813,10.381339,22.374839,84.775793,10.104567,53.462123,21.619632,89.201645,54.925710,99.630652,71.191686,84.078058,13.078316,61.526472,113.861788,103.764614,83.895065,72.506307,95.476611,86.802456,102.237288,21.511286,39.324672,85.414403,86.267659,51.379109,70.470644,41.748853,75.322556,62.172850,67.245633,105.210385,111.043347,44.964405,57.407854,95.193865,81.262080,77.367206,106.286297,53.601650,72.130825,80.967161,48.111253,87.900025,120.021479,65.242405,103.457598,97.059209,108.799482,41.608236,92.970131,83.350081,85.024045,66.230747,57.528935,86.827556,10.746162,100.421137,99.549747,79.135145,107.465356,72.197628,61.136581,17.320666,65.298226,66.842633,82.595927,13.299357,109.131938,69.438746,48.072265,20.726428,77.655886,81.970517,41.619244,36.806132,28.731963,63.687774,92.846790,25.983401,87.880845,87.826102,105.022331,23.341514,65.628335,61.935925,69.441484,40.007282,33.845234,53.888469,48.563808,54.245917,78.178864,95.735209,35.082367,50.744378,17.824275,45.740562,87.036616,71.851881,51.900238,29.295093,51.982547,46.186566,105.123002,82.980540,18.629132,83.787602,57.907047,54.492125,59.957421,10.796168,36.447133,16.599351,12.967540,49.223666,87.120738,70.966171,80.353195,75.623610,88.026074,88.560840,14.200407,36.706112,13.305535,68.201398,22.854631,63.924266,26.106368,76.631184,29.955588,13.873474,86.838510,73.536202
27.530757,32.105519,62.917799,45.913707,48.240672,56.034709,66.525126,58.704173,17.809847,57.037321,0.000000,60.591712,30.680243,6.176091,60.585539,32.359178,50.425108,46.526212,42.394616,26.810150,45.106641,47.983823,64.646618,53.884830,16.233107,16.232085,31.669675,19.111805,30.861873,37.604211,27.619598,66.149866,45.529250,44.308408,58.121465,34.522446,42.528981,68.028011,69.925138,24.909670,31.801672,19.919876,25.184598,59.522657,29.622267,55.914493,33.146100,7.359788,48.433672,23.392034,90.782191,26.343206,11.065687,55.428661,5.216802,68.766205,5.692492,57.925433,48.797118,49.795202,21.976966,31.971199,19.515368,56.866447,4.797348,53.768774,57.164291,55.524399,34.741976,34.919880,48.104851,32.713939,45.355694,33.837979,5.305177,52.083034,18.461730,61.005929,44.153751,62.223265,61.626311,65.375152,63.893847,25.021333,51.154553,29.784025,57.259473,42.368321,18.425147,42.470461,30.483498,67.602885,42.784102,53.495832,20.894592,27.926225,24.094733,65.381165,62.131809,12.114941,1.426364,55.401980,24.398453,64.934433,52.464371,53.595870,16.018348,51.229947,53.680139,73.260694,72.124854,12.103863,49.130913,59.765929,55.478154,18.750458,65.127474,28.789914,28.023528,45.787346,54.936212,53.926428,67.054427,47.502107,53.609474,83.085182,62.854908,71.622084,13.710639,42.598509,13.550812,77.247265,47.223684,66.395145,60.147199,41.108043,34.380447,36.926187,26.722123,63.068860,66.778931,21.389986,39.802080,64.265236,65.604045,62.145417,35.343180,53.729356,50.522505,33.984355,30.484496,11.234320,62.258999,20.404407,27.080925,66.492154,24.988560,19.564608,25.773143,39.846869,57.010488,55.013084,40.535738,55.505133,31.993390,49.068450,27.469211,62.437563,38.699150,23.656502,52.013758,30.521404,47.821921,53.309365,21.531264,12.040354,72.013298,59.474109,21.688104,52.791535,67.137331,24.338691,36.711755,66.157408,25.048796,56.897796,73.746056,80.029124,49.565198,20.493336,70.297312,38.201489,41.891180,28.684623,36.860224,37.861001,36.976422,46.292916,76.656374,16.969497
85.395589,79.196595,88.863787,97.557216,91.112170,104.993556,64.945147,16.983045,59.117734,7.086335,60.591712,0.000000,64.103922,58.984605,89.211944,91.915113,25.445453,92.472324,21.609498,59.581536,49.441985,97.082609,4.385280,23.435247,46.132380,65.818593,64.762706,60.313297,39.635796,97.763212,70.555366,89.665185,83.909013,89.955837,8.150970,72.459571,82.977124,60.714457,12.198992,59.381235,71.748668,80.313242,80.578381,96.608511,83.014457,11.290421,89.951259,55.737255,12.573888,41.941673,83.432802,69.932839,49.598917,21.073796,59.485084,57.362129,64.593723,5.965435,105.687245,105.547715,39.533554,48.459219,67.097203,87.283254,56.239969,56.330027,38.280352,17.351080,26.709707,89.894676,16.305948,53.044857,28.515050,93.496878,57.963435,100.390854,75.737024,81.992191,16.723670,57.635660,115.309983,103.078984,81.449398,74.004237,95.817042,90.156374,102.539085,28.115656,43.611065,85.819379,90.435132,46.186121,69.554176,37.985148,77.830234,62.627015,72.618002,104.696616,111.861229,48.716194,61.102223,94.893437,84.460809,74.276637,108.187779,50.344930,75.104059,79.811997,44.579639,84.703748,120.544610,69.590936,105.519211,96.373583,110.551415,43.923283,91.183675,87.777712,88.348519,64.670127,54.306879,85.858940,6.980790,102.175601,100.052793,74.191308,107.617616,67.958045,65.897145,18.565507,67.706979,61.614932,82.089073,6.594686,109.989026,68.661249,47.373095,23.666684,79.479100,79.463313,35.918202,41.349453,27.957020,59.694414,90.990271,20.031888,89.749214,86.977802,107.115950,26.624743,71.531008,64.401097,66.080813,42.234266,39.206562,48.989281,49.232203,59.633873,82.888908,98.350516,30.488992,47.151286,20.134813,41.837988,89.482874,70.255500,52.179775,23.484268,50.713336,47.145133,106.864056,84.932457,16.932027,82.618663,63.399493,56.735277,54.818948,17.096621,39.274997,13.227308,6.771532,54.994516,92.204284,67.257684,82.967249,73.351501,84.785358,84.668173,12.929221,40.098565,12.538207,67.705369,22.462322,69.763803,26.685516,82.564660,29.759184,20.390346,83.173940,76.644339
52.485289,62.173648,33.097255,35.184871,27.030050,41.206218,39.439953,54.032542,13.060311,63.909551,30.680243,64.103922,0.000000,24.624685,31.366401,53.397619,42.869869,75.967775,42.508469,5.289014,23.487385,33.652243,66.923822,46.577972,26.277212,46.888106,1.040836,49.231513,52.614924,47.148056,9.195909,35.985558,20.312043,73.946166,58.130863,8.355663,18.938978,42.721973,75.935934,54.535754,62.480206,36.126652,52.851517,34.211206,57.826641,64.871241,33.677984,35.710102,52.069548,24.753385,62.568206,9.566931,30.042631,49.115710,25.508779,44.914051,27.419355,59.165214,46.760245,45.388693,39.430796,57.877833,13.717595,28.023097,28.453778,28.428443,41.276984,67.362655,46.598878,61.433911,58.554721,11.893627,62.412729,54.317795,25.929065,36.603557,45.996501,30.388081,51.811013,37.270271,52.870568,40.727045,33.216176,15.707777,31.713624,42.491888,38.437842,58.989042,38.783613,21.746678,50.763233,48.517442,12.106797,37.949712,26.475207,2.823005,54.443974,41.795756,48.067999,33.460798,32.073956,31.542681,37.020107,35.084945,47.744322,31.232662,29.272507,21.366540,34.426185,42.731399,56.469405,41.041382,46.025467,34.171117,49.345548,26.577844,35.440800,51.785031,40.903310,16.170308,30.657773,25.482272,71.061908,41.396361,35.998811,55.971804,43.577275,44.373102,44.270851,46.589230,20.898634,53.277308,19.713809,67.819389,46.265641,10.429680,17.745060,44.575467,21.995052,32.435724,52.561406,41.232319,36.257608,38.767171,35.783841,55.688278,30.674905,25.883047,47.679487,43.101932,61.164595,20.770768,34.164068,27.373744,47.736073,45.948866,15.596324,49.526102,51.909740,42.999559,45.337098,34.375958,46.469552,37.723114,34.365040,18.523819,12.009390,54.223708,17.374210,18.355697,45.776194,27.153564,47.351084,23.820456,52.006567,19.428564,49.782219,70.862548,32.218558,51.903897,69.139148,52.833858,62.583019,38.261290,30.780061,26.472264,43.237230,50.049949,51.174783,34.574121,76.303343,7.544866,41.648050,59.358917,37.817125,68.026536,34.346805,58.986585,46.556150,31.378019
32.434482,38.254381,57.150281,43.171290,43.776974,52.854783,60.470386,55.469225,11.665513,56.085498,6.176091,58.984605,24.624685,0.000000,54.941490,36.326909,46.494823,52.604484,39.556851,20.644585,39.306840,44.665116,62.860304,50.086817,13.019480,22.381388,25.627524,24.741709,33.232067,38.828324,22.310362,60.301532,40.393177,50.412972,55.749399,28.949899,37.550424,62.117861,69.013080,30.295222,37.882802,21.719322,30.780519,54.578939,35.396305,55.415826,31.966855,11.626820,46.545699,19.273917,84.684569,21.052290,10.260402,51.834460,1.011964,62.993851,6.012316,55.793832,47.879154,48.425661,22.347672,35.858507,14.419801,51.279218,4.650848,47.782861,52.176978,55.708760,34.266295,40.339086,47.771444,26.681783,46.686513,37.700306,1.642884,48.686319,23.902940,54.998225,43.023589,56.316130,59.713852,60.605903,57.813563,20.743132,47.052444,31.392527,53.396609,43.499596,19.560525,37.906281,34.187114,62.347780,36.730144,48.486579,19.472683,21.845996,30.265938,60.801590,59.221373,12.839229,7.601420,50.651262,25.558961,58.758498,51.116690,47.847042,16.119535,45.419423,48.239914,67.119171,69.075904,17.848020,48.003827,54.775847,53.933930,15.440878,59.396030,33.185478,29.559797,39.613143,49.037592,48.393667,65.668858,45.710362,49.878499,77.062430,59.008540,65.567564,19.886056,40.576862,10.096978,71.502905,41.778480,64.466035,57.231215,35.052559,28.693189,35.484921,23.679588,56.957149,62.158505,22.585344,36.155516,58.322910,59.842322,58.668075,33.204267,48.298028,49.495821,32.747490,36.584146,6.908837,56.134183,17.180027,28.919743,61.055053,19.313405,25.101993,30.965455,39.678719,52.601001,49.446376,38.861289,50.258469,31.147770,42.942583,21.491775,58.670664,32.796278,18.340588,50.349300,28.239661,45.074495,47.581910,27.402964,5.939114,66.427772,59.623860,19.728313,50.113228,65.337637,29.175536,41.995556,60.050205,24.337246,50.749304,67.601078,73.853266,47.289013,19.520869,69.389649,32.163920,38.961088,34.753784,33.918275,44.024230,33.345845,46.473222,70.482520,17.706004
76.775685,90.090901,3.825333,36.855614,21.227243,33.911855,37.156619,75.529805,43.998400,90.656071,60.585539,89.211944,31.366401,54.941490,0.000000,74.902612,64.570991,102.619074,68.693250,36.509618,40.106973,31.941603,91.101056,67.626745,57.536264,76.290505,30.332565,79.639824,83.857602,61.945061,33.124291,7.740526,17.064815,100.916423,81.967713,26.066049,20.512389,43.339564,101.409030,85.233270,91.949032,58.971137,79.005422,12.873054,84.032354,92.437101,47.321381,66.457841,78.501979,54.954243,50.396472,34.395506,61.372504,70.353118,55.694814,47.640776,56.207045,83.569603,51.664999,48.470432,70.592485,89.232887,41.235292,3.892460,59.189715,36.078624,56.283447,95.885348,76.423212,85.977177,87.108947,38.095319,92.688539,75.284221,56.422318,31.210267,72.714780,10.628557,79.912200,40.884118,48.219992,17.064221,14.611010,37.607130,24.116032,61.045596,26.795178,89.282574,70.128758,23.362892,72.215792,57.572101,20.821777,54.407391,48.307391,34.124792,83.010809,19.792692,38.561125,64.793222,61.879519,15.882134,57.488475,24.702158,49.515888,42.293099,53.599959,10.182768,48.152855,23.360598,41.945282,69.111219,50.166193,12.166565,48.965318,57.604902,4.998167,74.862310,60.103592,24.542498,38.927511,6.994406,95.833482,44.568507,27.896832,48.295890,28.379763,39.677742,73.497929,73.854652,48.238995,53.298573,13.776280,91.423353,37.770206,22.211312,42.841943,73.402787,40.406647,16.195580,66.308002,72.519424,61.926358,40.577898,5.791800,75.645170,41.811950,7.967742,51.415056,72.514858,90.560804,49.563447,31.581939,58.189695,78.961881,53.740025,45.614350,80.030048,77.070060,54.185477,63.226943,46.356635,74.500762,51.871581,49.073110,18.979663,41.455286,73.085855,38.674474,48.586452,46.743946,42.098432,72.440835,7.553761,82.104192,50.392781,53.832112,99.039604,63.017084,76.070912,92.955825,83.867667,86.511331,34.187595,49.950941,18.363799,23.966403,33.180837,76.760449,65.634096,101.749994,24.405101,67.817245,88.913316,65.209905,95.924289,60.911406,88.242794,29.842824,55.236658
8.267006,26.335394,78.271028,43.997232,55.589643,54.084820,92.780168,91.054061,44.287797,87.599882,32.359178,91.915113,53.397619,36.326909,74.902612,0.000000,82.662004,31.906793,74.690097,52.058073,73.902396,48.660837,96.119023,86.176433,48.545575,28.128747,54.052259,35.198609,56.517158,18.266289,45.586148,82.146640,57.840349,31.225680,90.133630,52.238708,54.400800,95.626693,100.207288,39.689338,34.518562,17.273301,14.813653,68.193106,16.918917,85.822344,28.828821,36.191062,80.165163,55.461646,115.858920,44.646607,43.243442,87.770987,35.446745,97.245472,30.412875,89.765894,36.294951,39.391206,52.394998,52.461557,39.776788,71.052775,37.134094,81.100334,88.290900,84.226460,65.332926,13.697669,77.979584,60.560950,72.081366,1.624690,36.576124,52.217941,16.648829,79.517434,75.215795,89.961643,51.524447,72.032020,83.434447,39.174808,55.661948,14.448745,59.132132,69.770210,48.342251,51.768591,2.710900,98.081956,63.738132,84.595617,27.562400,51.446652,25.649230,70.695805,57.514083,43.415700,31.494596,63.311368,17.469534,87.776954,41.240626,82.453367,24.172781,68.244431,83.736078,93.764921,66.883341,22.360135,37.633106,68.744832,44.596544,51.066456,79.900364,4.552091,14.978090,69.466337,82.902690,67.985236,98.041705,40.010284,55.377788,109.360515,63.711768,97.750875,26.974824,74.497959,33.208978,105.771574,61.523431,97.995352,55.903001,62.288147,63.952825,68.464541,34.763400,83.326347,98.458909,50.793792,72.118569,91.689555,80.660792,94.502762,34.426686,66.954199,38.105988,65.415643,33.336073,34.820227,87.560681,52.742718,54.535076,96.437001,54.907514,36.065405,11.086669,26.752889,88.926857,84.623693,72.201381,86.081684,26.838949,70.692899,56.020706,94.745755,67.139550,54.444030,42.591759,32.931100,80.070921,69.237937,33.758924,41.412609,101.355527,88.109853,53.870609,84.994972,98.601882,42.753289,13.018083,91.658778,24.978573,78.543875,94.341354,102.243765,81.569379,52.222500,100.566980,59.514398,74.210398,33.329100,69.193497,30.152413,69.291913,75.373061,98.629580,22.041185
77.840405,77.367413,63.935552,77.908674,69.073411,83.950535,40.018256,11.291849,42.004599,28.835871,50.425108,25.445453,42.869869,46.494823,64.570991,82.662004,0.000000,91.989350,12.053914,39.333746,24.472582,76.517960,26.704713,3.789016,34.196067,61.389617,43.296045,58.212611,43.845577,83.945327,50.834185,64.506340,61.297946,89.486489,17.637980,50.971194,60.946190,36.440526,37.488116,59.875324,72.249482,67.904946,74.604343,72.972992,78.293299,31.958645,73.373327,48.457658,18.096092,27.230026,60.479145,50.536295,40.078525,6.247881,47.313719,33.732944,52.502812,19.523641,88.238348,87.405063,35.664381,53.344177,49.674221,62.961882,45.627919,30.884917,14.256259,37.248294,28.344686,84.469421,30.126166,31.019833,41.445533,84.087434,46.107592,79.368007,68.410246,56.822283,23.500480,32.701215,95.680572,79.303382,56.090239,55.711373,73.961805,77.155563,80.496396,38.998390,39.181333,64.310038,80.622097,24.657226,45.875434,12.938057,62.471136,42.118809,69.546033,81.167127,90.780624,41.030223,51.438493,71.824007,71.157227,48.847041,89.906261,24.932404,61.514351,55.608599,19.295356,59.305158,98.725712,61.858337,87.756406,72.659902,91.807227,31.684820,66.202956,79.211780,75.319738,40.146583,28.889989,61.843382,31.613765,83.621903,78.468087,51.146064,85.213619,43.482153,60.354317,17.328032,52.669575,39.622684,58.856089,26.876599,89.024461,45.238540,25.132029,22.500046,61.877168,54.084991,18.218019,38.547497,10.790232,34.884118,65.953415,12.946434,71.875398,63.123796,89.408438,24.620084,71.546796,49.825068,40.728945,30.069983,40.620053,26.279109,30.509686,57.824995,75.862076,82.487201,8.351695,21.918517,20.091099,16.963849,73.386353,45.612573,32.003343,12.243923,27.035246,29.622929,88.166600,67.482755,11.009523,58.364824,61.754341,42.163570,32.705856,39.148491,30.147062,12.378148,28.434529,55.805924,86.492502,42.136921,67.699982,48.097163,59.400987,59.725497,15.061447,32.907853,37.801615,44.827474,11.800885,69.530998,15.338030,82.069417,13.560492,33.414982,58.024177,63.444637
26.671318,14.807777,105.606235,75.260246,85.184259,85.622481,113.051336,97.351103,63.861974,86.460706,46.526212,92.472324,75.967775,52.604484,102.619074,31.906793,91.989350,0.000000,81.247930,72.843751,91.418290,79.626730,96.851844,94.813780,60.166588,31.381248,76.861225,33.795432,52.839905,50.139193,70.348770,109.260709,85.832936,2.535046,93.509219,77.566854,82.406276,114.438766,97.353928,33.216051,20.723840,44.089771,23.617552,97.796780,18.586851,83.400671,59.629220,44.894345,83.130769,67.600880,137.288974,69.162859,53.608477,95.577827,51.601145,114.947804,48.626343,92.359143,68.175750,71.297981,56.502486,44.481681,62.782831,98.729279,50.426465,100.270151,101.556536,79.697256,67.064872,18.260563,76.388967,79.239870,66.213523,32.557822,51.824357,83.397730,30.140172,105.304305,76.648915,108.637487,83.372856,102.297722,108.706532,65.074222,86.032310,45.723531,90.177214,65.281368,52.824075,80.568264,33.946557,112.549387,87.756129,98.032187,54.476467,73.414284,22.950184,101.267980,89.346649,51.676960,45.115793,93.007760,46.757394,110.938430,73.124986,99.791934,49.019115,94.548649,99.261641,118.585206,98.783150,35.015801,69.533187,98.267453,76.466756,62.326866,107.527940,29.672342,45.732341,91.792425,101.350827,95.630394,97.142803,71.821925,86.345087,129.601853,95.028241,118.148294,33.229566,78.694770,55.396886,123.346599,88.853772,99.054606,87.696409,86.126879,80.606516,72.095545,62.559804,108.167843,109.832784,53.759849,81.339549,110.719589,108.177897,101.446839,64.954633,94.911875,69.970423,69.161787,21.010995,55.198833,108.725065,63.538081,53.706574,111.931297,71.296298,34.228878,25.763536,58.639196,99.723923,100.853625,75.774457,100.605794,57.616067,94.457104,73.985037,102.766673,85.149962,69.596327,74.497922,62.403429,85.732418,96.090702,30.278048,58.535532,117.775984,83.035108,62.115533,89.914176,99.137657,37.605378,19.016644,112.653139,53.921049,102.430025,119.109876,125.979399,85.572019,59.136490,97.658157,83.185511,81.097322,22.887126,76.744679,10.021258,78.739793,72.646677,122.511542,47.421725
69.132245,66.831608,68.700730,76.111101,69.529539,83.398687,49.507871,16.526279,37.979356,21.975502,42.394616,21.609498,42.508469,39.556851,68.693250,74.690097,12.053914,81.247930,0.000000,37.975865,30.152709,75.516035,24.669274,13.933614,26.566125,51.374080,43.181614,47.491708,31.867707,78.217015,49.018065,69.906372,62.419448,78.724443,16.483282,50.863542,61.405578,46.806832,33.464341,48.609568,61.130685,61.271490,65.281427,75.376363,68.594616,23.885508,69.261959,39.147761,9.825786,21.068710,71.383253,48.433498,31.448562,14.350522,40.220853,44.646648,45.475112,17.014900,84.797414,84.457539,24.763565,41.410805,45.972638,66.493759,37.691438,38.602931,25.649269,28.088565,16.296441,75.061382,19.886367,31.633391,29.988046,76.195267,38.817403,78.794194,59.500745,62.335111,12.625500,42.367536,93.904061,81.885331,62.389441,52.727042,74.217770,70.928054,80.946310,27.316070,28.591451,64.212573,72.874205,36.524707,48.513977,23.454150,57.477664,41.018742,59.252411,83.396215,90.268216,31.646197,43.199241,73.475760,65.038434,56.564944,87.069189,33.497980,55.448117,58.992397,28.779867,67.138289,98.936149,53.006864,84.535219,75.176266,89.323261,24.116288,71.081697,70.919404,69.090954,44.315345,37.247410,64.871559,28.582081,80.968659,78.443741,62.100434,86.053088,53.500577,50.679793,5.965175,47.355266,51.145862,60.768724,25.847061,88.402325,47.508813,26.131723,10.449016,58.409303,60.523471,30.099572,27.491971,6.773714,44.679272,70.982649,20.361334,68.666101,65.893191,86.153948,12.708406,60.520770,44.176922,49.125315,22.377600,28.851742,37.807010,27.679425,47.025362,66.932236,77.964957,20.402282,31.399301,8.263947,27.427111,68.956807,49.936147,30.570678,21.521133,30.028422,25.728260,85.636862,63.940442,5.529854,61.812729,50.979149,36.366966,44.296432,30.778855,20.854056,10.578908,27.007440,44.421172,77.199410,51.208895,62.698050,54.027982,67.320865,68.868052,8.691288,22.956568,33.828488,46.363064,0.881048,58.535845,5.647805,71.255545,8.166623,22.509704,66.770155,57.183742
