Traveling Salesman Problem Specification

Visit 200 cities. Distance table:

0.000000,62.655578,42.647519,37.534501,57.450418,11.009528,3.154956,47.063950,17.812402,17.659801,46.297112,21.318382,49.043529,13.678514,31.490449,63.668486,44.366117,56.265747,67.958116,30.487614,33.905763,32.426367,44.726445,59.310590,69.119036,41.376101,30.620381,13.335572,51.000866,65.892978,32.590524,77.220943,58.746047,60.432133,21.098213,33.794143,13.243532,31.408961,63.935719,73.808221,43.021896,53.280284,42.618938,67.494527,41.475177,54.927547,47.053144,19.062251,43.907440,43.461438,29.334443,21.865156,25.244741,51.348670,7.141889,60.566930,64.901435,38.813454,28.407024,54.174018,36.630348,10.343296,17.194605,35.323785,14.521361,67.108479,31.226940,65.338504,36.825507,53.159426,38.146382,46.503467,16.880577,45.444549,73.948301,75.753494,31.853912,57.954665,26.794865,23.356238,64.489413,46.390300,17.184686,42.105433,38.526423,62.812771,45.212313,43.782277,54.652777,39.874953,35.505315,5.405336,48.890265,43.498738,34.171830,49.816878,43.856500,65.609892,64.611340,35.979341,46.804988,29.988650,19.166601,29.682464,70.361726,79.290722,30.270795,66.156310,14.263194,33.953397,38.387165,54.201945,21.002211,74.796681,35.688004,43.717865,14.598800,25.007892,31.030952,66.860137,38.816215,46.656107,44.563812,43.501434,45.724318,73.455811,30.129514,26.683487,30.811051,62.865105,52.154731,39.276710,20.159618,61.887616,45.772887,3.434508,35.881545,57.235867,72.557268,67.452522,35.897476,35.706605,53.025324,19.544911,45.220367,12.891272,9.074026,32.009889,47.221517,21.140516,39.077788,71.191439,65.689638,20.802846,29.258387,24.132484,20.066445,43.784479,58.027003,25.704270,51.725757,60.210259,37.076487,49.410092,36.627665,37.439877,33.405336,48.348448,65.549598,32.793182,51.406609,29.744680,44.564200,36.780557,21.633284,71.084347,27.922596,70.785253,61.611307,20.736227,84.199114,69.023778,64.538657,26.191967,51.978056,38.788566,50.942837,66.835256,15.394699,55.959906,61.887948,43.447983,14.032855,41.524504,70.272647,54.743129,39.064241,79.258326,46.505942,54.820266
62.655578,0.000000,63.164498,94.685211,87.209748,73.665004,59.504484,34.548857,51.625228,80.277587,20.456966,51.723840,13.701941,64.031628,92.656838,3.300051,79.474774,7.278022,44.743616,34.192876,70.026452,94.566768,97.374574,44.728690,24.584924,92.970228,35.822991,75.988023,113.327410,85.074772,78.957430,24.595018,80.323282,63.418662,63.201961,30.623694,75.873253,74.405423,92.465832,15.159723,95.039428,84.291812,20.185891,68.864236,104.090375,52.295661,108.710470,45.584023,106.539302,57.612906,55.402346,41.029939,75.923517,90.204120,69.778232,24.795817,5.323360,101.412495,76.630944,61.433315,39.559133,67.151599,46.798042,75.562849,75.291458,39.049495,40.062650,71.053953,83.869889,84.739807,92.944990,72.041021,52.182588,74.357230,34.156525,91.734297,36.723403,96.076397,88.884341,73.565303,96.644374,52.935694,58.734189,104.524921,72.195391,21.565833,61.222538,72.712195,8.019640,74.815766,51.195159,61.506697,98.396842,55.711639,31.284394,47.857690,30.574861,29.259312,41.747129,75.888655,42.765178,80.478691,44.437882,71.977276,32.158398,23.772939,68.705282,5.214595,75.767452,37.348070,56.321761,8.710423,66.029515,17.842530,39.309924,65.464821,59.473462,40.769566,49.193145,35.804117,41.237321,97.466017,103.418807,22.411507,23.606982,88.853367,45.793023,88.663996,31.889586,1.771500,99.054874,40.763629,45.378380,86.106833,23.447065,63.061503,98.526072,13.090543,13.849800,73.071433,30.374960,84.598006,70.013231,75.486045,56.170552,50.196015,55.832742,93.156780,16.182350,42.602095,44.500384,15.726087,67.654515,44.681093,88.205272,69.785846,44.801542,32.455537,80.652990,49.746124,113.260097,41.555565,29.570489,53.551010,46.621986,97.773626,96.002682,106.387115,72.596539,73.683909,58.504969,36.333739,18.105176,34.003231,66.697125,79.821463,47.025603,11.970169,84.927594,44.372333,99.146518,7.847008,2.099411,40.231412,61.844562,99.121907,12.070458,8.992024,47.510973,85.371218,54.178291,69.492421,75.734219,101.280855,11.952330,67.393926,37.119495,23.907401,98.356234,8.631718
42.647519,63.164498,0.000000,46.007598,24.124867,47.372931,41.865988,29.393063,27.719770,50.185818,43.060144,23.873435,52.339264,30.017767,51.908894,61.939879,17.816840,56.086036,38.338710,35.759844,75.229480,65.772642,42.760631,29.431193,53.027232,38.553488,32.689034,48.945369,72.147356,25.753552,75.232539,62.868598,19.177028,19.428681,62.147511,37.891661,47.863346,21.125435,29.782509,65.784382,40.432421,21.136160,51.045740,25.712125,69.919241,19.833754,65.425713,33.271599,71.601928,6.136566,66.222210,43.580021,29.036420,28.216230,45.975804,44.832367,61.830955,64.769880,26.688725,13.282620,24.264547,35.459745,34.618927,19.013158,41.725436,41.142003,26.478403,22.909789,28.669047,21.603678,41.870360,86.500868,28.362456,11.470008,52.030202,35.044905,56.127518,33.378757,52.338030,28.154210,33.552101,79.538933,25.477350,65.549303,79.750802,48.941796,81.958869,84.384621,57.569387,14.660900,12.998162,47.231889,40.868118,78.380913,53.189468,19.063642,32.590596,46.239398,36.731556,78.177281,74.995630,30.284379,45.513653,20.103741,49.254210,66.495223,16.444100,63.452143,43.421872,59.306387,74.403426,55.518776,62.852319,64.892881,62.716770,82.227395,54.846693,31.903793,64.510312,43.055142,67.060906,41.177672,54.969401,57.440210,39.631527,32.391418,21.037905,61.825734,44.739016,62.200752,39.630622,67.204819,49.255202,24.318409,39.796487,45.988344,64.812797,51.093003,65.075652,24.925042,54.906734,30.719795,91.247198,61.707989,8.528024,37.351598,35.322551,52.196891,55.419379,46.235408,18.707048,61.672209,23.996942,49.322006,68.568059,23.490604,48.211595,66.230009,19.036010,59.760085,68.760902,32.535884,55.792754,13.930294,17.002630,53.522449,63.752708,56.025790,22.968747,19.033562,12.005658,52.577383,51.037331,59.796764,63.573608,28.511727,60.157772,64.135931,23.410164,48.742216,43.620756,65.323724,65.212102,31.146169,87.603014,54.504341,52.700275,61.374788,37.896234,22.269688,25.801877,6.618722,53.164427,54.942194,63.434342,91.760049,64.647445,66.332258,42.769050,59.702970
37.534501,94.685211,46.007598,0.000000,42.380723,29.826423,40.108102,68.474964,43.063811,25.254708,75.263976,43.225147,81.171204,30.807314,12.250865,94.848998,32.723289,87.590029,83.523210,60.501154,65.226936,31.044614,10.729215,74.270221,93.605001,11.043061,58.958694,28.797753,26.797214,55.739940,58.100830,103.081403,50.063762,64.489692,54.996591,64.063056,27.842014,25.037493,46.949099,102.734595,10.849093,39.379672,76.082212,69.312016,29.018603,65.554140,19.800513,49.503342,29.740682,51.069483,65.582828,57.179269,19.393327,30.683485,32.766043,84.669027,95.587031,23.331347,20.112081,58.892107,58.562528,28.920438,48.684391,27.116442,23.180470,85.304555,55.719819,65.223511,18.134458,38.789897,5.027990,78.610353,42.532564,39.064916,95.173707,64.353259,68.902999,34.684468,17.595172,21.538181,44.123634,83.093794,35.988214,22.142817,69.438075,88.113318,80.406462,75.241571,87.096372,32.533085,49.713201,42.036258,17.119954,79.726384,70.219764,63.303601,68.321412,87.972221,81.326754,64.489480,84.299400,16.088889,55.563140,26.600938,91.931748,106.075787,30.619331,97.070794,23.930686,71.245800,74.404785,85.978736,53.436021,102.859024,73.171776,77.707172,50.578213,53.923466,68.245950,86.506805,76.350202,14.233293,9.242708,78.861995,73.221069,63.254430,50.906083,31.120522,64.799331,94.436330,22.078830,76.811157,57.325385,49.459238,73.334963,39.569081,25.910961,85.994083,101.678487,66.480599,72.078706,15.706092,86.610485,43.769075,53.692223,46.484796,40.422035,12.068705,81.027451,57.456862,56.804900,99.263088,67.903674,57.912578,41.011100,26.085353,57.036243,80.994352,48.861497,63.026512,22.785054,76.815857,73.269179,59.356038,53.756906,9.076292,26.657686,11.702919,64.432908,27.014064,58.009969,66.375554,77.494505,73.844354,53.700001,66.511023,65.394516,100.203918,50.062949,57.738801,71.088785,99.667615,96.739249,54.462354,87.439965,9.506098,82.623308,96.580203,49.113615,42.004968,71.795102,41.381413,33.563849,9.037390,99.576992,89.199969,76.500657,105.973054,12.806374,88.013106
57.450418,87.209748,24.124867,42.380723,0.000000,57.872170,57.853532,53.053880,47.417355,57.929665,67.180925,44.205726,76.442908,43.804369,52.748517,85.883562,13.137078,80.172954,56.946430,59.063389,91.354567,70.508485,34.091164,49.467453,75.215714,31.606120,56.096510,58.601853,68.589409,13.805094,88.676654,84.931411,10.447845,31.658284,78.485964,61.519682,57.371811,26.431033,6.542940,88.965086,32.552880,4.171158,74.876004,33.016529,70.997718,39.157651,61.527607,54.252166,71.963641,29.621254,84.971850,64.881208,34.643977,12.184173,58.067920,67.641148,85.681161,65.322007,31.057204,29.122014,48.342115,47.758409,55.103104,22.342178,50.384306,61.169798,50.033647,28.287932,25.750917,4.339983,37.354615,103.820022,47.753411,13.816250,72.541822,21.977520,77.994927,12.598362,55.793865,35.536928,9.436035,100.041273,42.333896,64.508159,95.975258,71.854659,101.115024,101.203200,81.694254,17.661415,36.831900,62.753394,28.999780,98.245642,75.845784,41.041853,56.644971,68.064149,56.494510,93.100797,96.762288,32.083694,65.988762,27.838603,70.287017,88.754906,27.408448,87.301061,52.137951,81.122722,93.732444,79.638373,78.433345,87.794947,84.329568,100.487110,71.586406,54.347610,84.461109,63.734838,88.566698,30.923908,49.167112,80.964554,63.731011,20.943685,44.257270,68.339275,67.620758,86.202112,25.149282,88.790476,69.471526,7.275993,63.896830,60.851375,67.075092,74.938672,88.358222,28.543555,77.656619,28.218214,109.764948,73.902487,31.281769,56.595737,52.714226,52.812410,79.367153,67.103093,42.824041,84.757125,32.296309,69.693447,77.096011,33.411935,68.561760,88.881669,9.319871,79.311443,63.452471,53.058547,78.631821,35.126644,41.073377,51.418414,67.043279,48.330491,26.855732,24.759059,30.784523,74.508435,74.997576,82.097843,79.041930,26.083945,80.298762,87.559491,8.192001,69.184113,29.108786,89.049426,89.244056,53.834204,107.337394,51.881349,76.824500,85.013501,57.909808,1.864542,42.437090,18.239623,63.723994,50.878820,86.853420,110.920236,86.651749,88.569466,32.915710,83.818293
11.009528,73.665004,47.372931,29.826423,57.872170,0.000000,14.162161,56.593724,26.728939,6.720248,57.065248,29.555868,60.048174,17.582442,21.613793,74.664115,44.842051,67.256783,76.710755,41.201525,36.117414,21.830874,38.643499,67.758061,79.493230,36.077075,41.069928,2.351613,40.145226,68.097737,31.105447,87.825580,61.064039,66.276277,25.191976,44.588886,2.364205,31.541969,64.094729,84.701580,37.369063,53.801959,53.620482,72.989355,30.494048,62.234551,36.553458,29.535885,32.914522,49.442723,35.861769,32.826299,23.345188,49.760538,3.935640,70.805701,75.880552,27.835370,26.928438,59.944843,45.949386,11.977013,27.806490,35.652892,7.876559,76.380578,40.911022,70.263217,34.145295,53.537250,31.638815,49.460988,25.813240,47.569975,83.855275,77.920015,42.052841,55.966128,16.317125,22.341857,63.662364,53.411568,23.460555,31.225845,40.549173,73.251627,50.596832,46.262471,65.662225,41.143056,42.773988,13.459821,43.769880,49.941441,44.865490,57.641012,53.908058,75.621595,73.544545,36.396856,55.394941,26.972310,29.940796,30.553177,80.291089,90.008198,32.492692,77.146067,6.390696,43.852814,44.605395,65.203887,23.784214,85.622308,45.155738,48.056052,21.011798,35.401000,38.992134,76.405967,47.814494,41.196607,35.555467,54.301380,56.300366,75.895521,38.829013,16.356241,41.815925,73.869618,47.752451,48.325267,30.461675,63.284176,56.358608,11.245658,24.882203,68.053651,83.461610,72.219371,46.530208,32.390319,57.102477,16.141921,51.543676,23.735133,18.960056,22.126736,58.198988,31.908031,47.493169,82.005370,71.232165,31.143637,21.263722,25.248920,30.537448,53.684873,60.173364,33.985118,41.245453,69.035535,47.694264,56.331508,44.761616,27.885985,22.445440,39.595591,70.216664,33.436364,57.549310,40.253332,55.573396,46.904835,24.120896,75.001966,36.621460,81.705827,63.247473,31.167960,86.083127,80.007016,75.547724,36.497371,57.621585,29.185823,61.938006,77.767654,26.320450,56.624625,69.234033,46.663329,5.939520,32.153511,81.184124,59.511574,48.634323,89.968249,40.622860,65.814847
3.154956,59.504484,41.865988,40.108102,57.853532,14.162161,0.000000,44.541505,15.865368,20.813863,43.270835,19.587603,45.898432,14.162407,34.490789,60.529442,44.866421,53.129872,65.669315,27.504441,33.773030,35.478567,46.901572,57.151002,66.238354,43.397775,27.764247,16.483903,54.139518,65.726151,33.546150,74.247663,58.585470,59.155594,20.731770,30.766104,16.397950,32.206994,64.374800,70.718517,45.111241,53.684813,39.463983,66.301047,44.613948,53.184325,50.133802,16.257434,47.050191,42.250393,27.860821,18.719604,26.735324,52.354259,10.279565,57.745322,61.771907,41.967799,29.705501,52.954876,34.235936,11.993156,14.324333,35.991117,17.328294,64.636642,28.712909,64.336497,38.269677,53.605983,40.465406,45.971348,14.957807,45.450038,71.238011,75.555032,28.978406,59.021748,29.894837,24.688139,65.202487,44.560166,16.472807,45.248841,38.374204,59.911405,43.928526,43.424077,51.500413,40.202001,33.917211,5.379306,50.812698,41.882138,31.110098,47.916548,41.135776,62.869264,62.265519,36.341471,44.444353,31.631370,16.099266,30.311617,67.646693,76.272617,30.485420,63.020748,17.214013,31.182470,36.893936,51.058871,21.078664,71.735689,33.068793,42.783484,13.733885,22.203482,29.007200,64.289734,36.350815,48.673975,47.365426,40.398468,42.782253,73.184938,28.043216,29.697421,27.656258,59.719801,53.881217,36.791039,17.302295,61.981179,42.826631,4.762624,39.027375,54.182593,69.462877,66.491483,32.855098,37.323837,52.094306,21.377431,43.876731,9.897534,7.014694,35.009632,44.069433,18.070955,37.023738,68.136047,64.488045,17.922985,31.807083,24.856062,17.132507,40.983531,57.922395,23.633613,54.800071,57.913257,34.037966,47.829992,34.701170,40.366748,36.539090,51.086916,64.628383,33.418621,50.080273,26.757753,41.411306,33.917925,21.774503,70.373873,25.656025,67.683775,61.636096,17.815884,84.055254,65.891793,61.385576,23.424321,50.561221,41.720365,47.804633,63.728765,12.322668,56.303613,60.102971,43.141352,16.920488,44.405609,67.175346,53.585575,36.393445,76.243221,48.623442,51.665618
47.063950,34.548857,29.393063,68.474964,53.053880,56.593724,44.541505,0.000000,29.874768,62.052034,16.139195,27.463595,26.047172,41.148078,70.161576,32.948913,46.717189,27.870970,21.951511,20.279647,70.657520,78.277733,68.441093,15.287451,25.175178,63.978893,18.227953,58.836975,91.638224,50.574820,75.185478,34.820833,45.791276,29.874198,59.102641,19.284660,58.197633,44.783226,58.068123,36.495966,66.032525,50.415703,27.813972,36.226463,85.589234,18.795914,85.774114,28.558909,87.766282,23.495732,57.644957,33.358694,49.118048,57.379722,53.446804,16.318745,32.648393,81.500692,48.590108,27.065908,10.695876,46.145854,30.608962,44.765159,54.680033,20.124616,15.838868,37.559195,54.125391,50.921470,65.517290,78.523869,30.784176,40.842849,27.492861,57.606293,40.971036,62.760800,68.197206,47.115386,62.454084,65.322382,34.672171,83.586447,74.479441,20.099344,70.643873,77.549008,30.194962,42.584712,19.305877,49.029194,68.065012,65.803370,35.705553,13.554344,5.994387,19.663331,18.266840,75.362569,57.799149,52.676473,37.124427,42.642575,24.011199,38.096285,38.785846,34.265916,55.837126,43.788889,63.472906,27.856104,61.056983,35.816888,47.334508,72.782645,52.492226,22.881629,53.394821,19.825331,51.439197,67.723744,77.698506,35.379054,12.426089,54.711236,18.298977,72.948131,28.182840,33.392343,67.764229,51.330981,40.498461,51.592249,12.590424,49.262498,79.946591,21.921131,35.736872,39.737670,36.750542,55.470128,80.508160,65.556099,21.793093,35.197516,38.040624,70.590047,30.781055,36.503589,11.925018,32.467974,34.746889,40.129868,76.309620,42.399772,39.376546,46.998964,46.148892,50.395528,89.874290,14.461968,37.132050,19.044983,14.860023,73.861023,78.016194,79.824272,38.950122,43.462086,24.018186,37.886488,26.705257,42.583715,61.853498,46.283657,49.262913,34.752033,50.398478,39.511646,65.348719,36.002347,36.513992,21.549973,74.532504,75.097956,25.661539,32.003346,33.587850,51.245550,22.880655,35.956463,60.947867,76.511782,34.051921,79.641036,47.791007,37.964776,68.980197,32.765500
17.812402,51.625228,27.719770,43.063811,47.417355,26.728939,15.865368,29.874768,0.000000,32.244663,32.569991,3.946043,38.119063,12.535951,41.873455,51.863659,35.436540,44.558580,50.245402,17.437357,47.812817,48.412839,46.487415,41.515267,53.382447,42.234682,16.055853,28.963137,63.180740,52.960080,49.111615,62.176383,45.977402,43.706517,34.828238,21.001534,28.327660,25.450791,53.901775,60.393753,44.254098,43.401509,33.354250,50.949658,56.032709,37.327931,57.904597,7.387426,58.285935,27.041959,38.553687,17.733016,24.648264,44.897475,23.696634,44.535179,52.688462,52.266240,25.983162,37.629704,19.220463,16.663694,7.760188,28.094000,25.272037,49.678266,14.348825,49.336826,34.163021,43.505292,41.517954,58.797232,0.936006,33.886643,57.226559,62.550634,30.988820,51.577055,39.056433,22.237521,55.885464,52.695255,7.300201,54.732883,52.266594,47.311676,54.433373,56.745892,44.047467,30.315948,18.204017,21.064404,48.524283,51.132764,29.941493,32.062824,27.538686,49.081341,46.969516,51.187936,49.508871,29.492247,18.572341,23.007009,53.681561,64.711643,21.137142,54.137953,26.251563,34.029142,46.911137,42.917003,35.863678,60.862704,37.081469,54.527992,27.511303,10.859844,37.258966,49.678657,41.247250,47.116150,51.819340,37.204440,31.000081,59.981279,12.331434,43.078288,22.830069,51.404419,50.238791,41.500472,22.104835,50.207515,31.090005,20.570511,50.359335,43.529843,59.258623,51.560757,31.850470,34.294949,63.594400,37.204133,28.416231,9.639509,8.859705,42.347181,38.328020,19.721883,21.265550,57.225335,49.131072,22.295907,46.906191,19.200858,21.163835,42.545561,45.524641,32.290696,62.305513,42.516025,32.964536,32.066639,18.851018,46.501415,48.308177,54.764123,49.793345,25.629899,34.602867,27.633543,34.584960,35.442813,36.623791,55.978105,33.004008,57.671273,49.616773,21.775717,71.136111,56.801342,53.676533,11.445552,60.316443,47.828116,39.560495,53.917223,10.523255,45.671500,44.238510,30.503004,31.291731,49.813952,57.076363,64.260368,39.627911,64.643717,47.715620,45.055192
17.659801,80.277587,50.185818,25.254708,57.929665,6.720248,20.813863,62.052034,32.244663,0.000000,63.373249,34.679080,66.635351,21.605694,15.561833,81.222391,45.231834,73.807161,81.580008,47.502626,39.978317,16.344137,34.964589,72.483910,85.449779,33.028106,47.190678,4.577726,33.425108,69.082101,33.238442,93.955044,62.214300,69.454454,30.288329,50.943458,4.417011,32.279290,63.891388,91.107433,34.028603,53.998397,60.274302,75.895167,24.077323,66.317802,29.944518,35.747910,26.448641,52.926248,41.505986,39.514801,23.461409,48.742991,10.654479,76.679539,82.405656,21.154123,26.984297,63.151584,51.359370,16.116345,34.110127,36.293946,8.460731,81.584167,46.576662,72.853554,32.960415,53.651516,27.898160,53.357928,31.362480,48.872436,89.464275,78.773539,48.707825,54.567518,9.867900,23.133887,62.859502,59.032369,27.965133,24.505681,44.185800,79.268075,55.580708,49.987694,72.284211,42.127260,47.093058,20.076397,40.610738,55.366920,51.583802,62.072072,59.709808,81.323241,78.542329,39.348388,61.572883,26.009420,36.660145,31.790047,85.923912,96.234481,34.398971,83.690843,6.797485,50.443357,50.003981,71.781042,28.457084,91.955061,51.637034,52.619131,27.021725,41.520700,45.070624,81.789142,54.153632,37.875247,29.884177,61.021409,62.455997,76.934453,43.983836,11.675560,48.463775,80.453066,44.975564,54.677290,37.150494,63.845848,62.521415,17.932550,18.413004,74.392764,89.880829,74.695954,53.244110,30.871491,61.422391,18.577132,55.186461,30.203522,25.096649,16.055634,64.879799,38.627823,52.373459,88.328876,74.182442,37.836091,19.213050,27.016182,37.244473,60.257887,61.234715,40.210576,34.636305,73.987479,54.406574,60.251838,49.520808,21.949371,16.145600,34.042951,72.653528,34.375074,61.003215,46.957076,62.200700,53.538662,28.653207,76.941693,42.938910,88.145421,63.954548,37.870539,86.693645,86.538294,82.173932,42.557314,62.642019,23.190260,68.499075,84.223926,32.835313,56.852843,73.281865,48.626632,8.366795,26.278339,87.612926,64.125085,55.132523,96.187701,37.027499,72.479060
46.297112,20.456966,43.060144,75.263976,67.180925,57.065248,43.270835,16.139195,32.569991,63.373249,0.000000,32.040322,9.916378,45.103873,74.371995,19.894403,59.054876,13.204862,33.773801,15.871948,62.291922,78.722735,77.314188,29.943942,24.043507,72.878724,16.532225,59.416093,95.536483,66.124421,68.947373,31.113133,60.877467,46.009991,52.495955,12.504932,59.087002,54.114162,72.655939,27.880779,74.954281,64.116749,12.762026,52.324461,87.450094,34.929461,90.432633,27.642578,89.816259,37.761337,48.088963,26.803897,56.172696,69.775457,53.368465,17.015604,20.400918,84.179506,56.621038,42.948657,19.137220,48.904360,29.271713,55.149668,57.381797,29.565381,19.833648,53.690515,63.607688,64.538735,73.195723,67.995764,33.255658,54.091406,31.252103,73.535745,29.404908,75.706095,71.192954,53.869014,76.611536,52.365178,39.331844,86.933527,65.520580,17.676661,58.832302,67.633799,14.553510,54.366637,30.807825,46.461207,78.096704,53.606880,23.415328,29.604770,10.868132,23.069313,30.052689,67.640180,43.800048,60.550700,30.778849,51.710882,27.846081,33.002963,48.347128,21.935681,58.114280,31.648118,52.230017,12.459035,54.956059,28.583897,34.912601,61.788822,47.039458,22.053247,42.809515,27.436565,38.556429,77.255673,84.201437,20.301925,3.724146,70.639822,25.421276,72.966830,18.466508,19.777619,78.643889,38.324194,33.145173,66.562928,3.556788,47.489086,81.784971,11.041938,26.716111,55.875222,23.853030,64.439568,68.580347,62.158497,36.587848,33.405925,38.293000,74.853373,14.835900,29.412535,24.357156,24.955763,50.868740,32.570461,74.233957,49.836109,32.208865,32.583977,61.100038,41.128104,94.861386,27.821323,23.860583,34.800864,26.283451,79.070070,79.468120,86.947314,55.064656,53.317224,39.762161,27.114085,11.098949,29.572928,55.719219,62.401337,39.231091,25.103604,65.446563,32.056576,81.391638,24.432610,22.551288,21.208616,61.745052,80.394864,9.758364,21.358767,30.961535,65.328194,38.562757,49.257011,60.153778,82.335744,24.514375,67.112462,34.523774,32.975726,78.214128,16.885976
21.318382,51.723840,23.873435,43.225147,44.205726,29.555868,19.587603,27.463595,3.946043,34.679080,32.040322,0.000000,38.474826,13.777055,43.143060,51.710694,32.593710,44.538005,47.160722,17.902473,51.757911,50.980892,45.739249,38.270289,51.662019,41.381527,15.906968,31.709677,64.590013,49.260926,52.971909,60.719202,42.327600,39.786566,38.773632,21.317970,30.975573,23.632366,50.642909,59.598111,43.436634,40.255855,34.333901,47.019261,58.127238,33.629727,59.036326,10.049664,60.313431,23.096397,42.351516,20.677517,24.208178,42.410979,26.783790,42.733586,52.389408,54.102861,25.009669,33.693234,16.780638,18.687325,10.991645,25.839819,27.219529,46.917239,12.703271,45.390805,32.753716,40.400759,41.239737,62.691565,4.740333,30.537602,54.949725,58.794508,33.843646,49.020333,40.810990,21.868207,52.865631,56.154367,7.458632,56.334524,56.208507,45.755316,58.150476,60.667357,44.388024,27.449404,14.346458,24.859606,47.272225,54.731876,32.238005,28.513147,25.813466,46.963974,43.992399,55.123250,52.560125,28.779320,21.973179,21.149744,51.446731,63.435602,18.741289,53.888572,28.378772,36.948419,50.609696,43.062464,39.792888,59.867799,40.125453,58.354116,31.456060,11.596955,40.845545,47.124417,44.362697,46.070026,52.196327,38.844140,30.066216,56.199346,9.309238,45.816421,24.597964,51.369183,48.624380,44.584750,25.615584,46.699925,30.173501,24.229309,52.483013,42.800523,58.514481,47.615272,34.121213,33.166778,67.382887,40.823449,24.490940,13.494616,12.580153,43.596310,39.281937,22.951494,17.974695,56.245818,45.200845,25.752963,50.142927,18.137697,24.625351,45.086268,41.916026,35.968918,63.326634,39.479667,35.189128,28.248054,15.366764,47.379190,50.566937,54.907020,45.850340,23.499923,30.683817,30.396664,35.320466,38.107471,40.550598,52.058874,36.544437,57.007576,46.063806,25.205000,67.381122,56.456471,53.802822,11.739310,63.935950,48.676821,39.737253,53.359272,14.098218,42.429002,40.576983,26.940145,34.424970,50.457975,56.388058,67.968199,42.507251,63.353518,46.822317,45.629818
49.043529,13.701941,52.339264,81.171204,76.442908,60.048174,45.898432,26.047172,38.119063,66.635351,9.916378,38.474826,0.000000,50.442580,78.959658,14.674054,67.685252,7.396896,42.240237,20.698709,59.283312,81.112406,84.213553,39.400442,27.893136,79.847319,22.609212,62.378999,99.633794,75.895173,67.295535,32.309928,70.505644,55.921154,51.125483,17.180581,62.237970,61.595400,82.072600,25.843181,81.906095,73.232731,7.296808,62.188823,90.509503,44.825986,95.010422,31.914470,92.948501,47.271538,44.658651,27.606008,62.592396,78.331156,56.177871,23.384528,16.082108,87.755159,63.476741,52.833141,28.106902,53.465119,33.100580,63.050862,61.589587,37.421271,27.476332,63.604026,70.978975,73.620196,79.574638,63.184615,38.638828,63.114734,36.631662,83.416448,25.458320,84.451162,75.188707,60.211606,85.848149,45.832715,45.305453,90.839886,61.979690,22.292647,53.163991,63.310613,5.929703,62.838238,39.726675,48.109325,85.533141,47.732618,19.486073,39.519868,20.715110,29.319058,38.660352,64.964852,36.466058,67.248193,31.185697,59.135780,33.626902,33.031697,56.058407,17.208192,62.068801,26.888065,47.228881,5.173906,53.843977,27.576967,29.611778,56.735748,46.752330,27.264907,38.769538,34.804279,32.573195,84.467785,89.835805,12.847925,13.640208,80.521110,33.382112,75.227443,18.416612,13.821582,86.464467,32.224950,32.521475,76.136737,13.473102,49.570608,84.924990,12.208069,24.500923,65.784772,19.123986,71.566410,62.626162,62.608234,46.243119,36.510961,42.130801,79.460209,5.947790,29.431557,33.748171,24.309958,60.751062,31.847284,75.193437,56.607740,31.829691,25.182165,70.682076,38.307648,99.563384,36.978623,18.659047,44.672015,35.372633,84.105000,82.428883,92.866041,64.980892,61.035092,49.622187,24.248616,4.884040,24.046677,54.553612,72.317452,35.886676,22.584100,75.050251,31.471612,91.298837,20.125354,15.681639,26.824043,55.173747,85.455212,2.229640,18.601265,33.833747,74.581992,48.261908,58.347339,62.287819,87.643465,22.199812,60.677481,28.351053,33.080733,85.274795,7.427436
13.678514,64.031628,30.017767,30.807314,43.804369,17.582442,14.162407,41.148078,12.535951,21.605694,45.103873,13.777055,50.442580,0.000000,29.444869,64.352383,30.756360,57.019293,60.038252,29.855430,47.573117,37.925942,35.320411,50.903086,65.429239,31.331832,28.591260,19.399921,50.850700,52.333555,45.828923,74.426666,45.192469,48.721080,34.683054,33.436543,18.446846,18.063006,50.305395,72.910035,33.245131,39.633226,45.277604,55.500870,44.499964,44.812713,45.426139,18.697570,46.640970,31.861244,41.885564,27.058703,13.692652,38.266655,15.958770,56.507090,65.205999,40.355936,16.115359,42.390305,30.505379,5.633236,17.960471,21.829669,13.644364,60.260810,26.388556,52.923662,24.781438,39.528502,29.730620,60.043029,11.888665,31.819187,68.638794,62.204086,39.699896,44.961963,27.054974,11.362318,51.041757,58.157125,6.499464,42.558271,52.193095,59.486154,58.012240,57.399036,56.357402,26.202333,25.494735,18.949156,38.279519,55.738612,40.086606,40.468688,39.565419,60.713623,57.069211,49.595332,56.960764,18.767766,26.223792,16.151522,65.156609,77.068729,16.599840,66.646111,14.980534,42.411702,50.870890,55.321791,34.680304,73.332548,44.918151,56.945890,27.863818,23.296263,42.448562,60.660176,48.670075,36.478060,39.393847,48.315732,43.463279,59.961146,22.859806,33.140406,34.097634,63.860117,40.794580,49.037160,28.818479,48.220851,43.558345,17.103377,38.890182,56.049945,71.782177,54.939087,41.987718,24.222684,66.256544,31.804561,33.968195,16.424389,10.663219,29.908466,50.227324,27.937327,30.899486,69.698165,53.731268,29.270507,38.841498,10.706956,28.232534,51.775878,44.439826,37.085559,49.795683,52.495571,43.163248,38.828776,27.990628,33.966250,37.102132,42.471095,52.968636,19.260732,39.967289,36.765464,46.693567,44.533493,35.311116,58.106839,38.710273,70.202817,47.962880,28.938998,70.610681,69.323729,66.067795,23.964029,64.558630,35.292246,51.961308,66.453065,18.846350,42.296163,51.799167,30.070519,23.227541,37.297767,69.605689,67.709228,47.947839,76.993435,36.780236,57.217396
31.490449,92.656838,51.908894,12.250865,52.748517,21.613793,34.490789,70.161576,41.873455,15.561833,74.371995,43.143060,78.959658,29.444869,0.000000,93.243843,41.655894,85.842901,87.496247,58.796057,54.848405,18.832566,22.977214,78.191724,94.780384,22.722909,57.842788,19.910226,21.480366,65.544209,46.823169,103.855591,59.339061,71.172320,45.800543,62.365754,19.298717,31.086175,57.853679,102.238555,22.912989,49.349078,73.123854,76.730739,18.507999,70.461382,16.077875,47.122206,19.879436,56.115684,57.067470,52.926574,22.918403,41.669663,25.271649,85.835051,94.224936,13.016599,25.320005,65.173578,59.667759,25.544971,45.859175,34.270072,17.457502,88.491789,55.816232,73.002619,27.162984,48.834854,16.625673,68.126276,41.143985,47.122611,97.535790,74.628952,63.301360,46.306069,6.058449,24.166041,55.535708,74.593299,35.701779,13.753916,58.843000,88.898089,70.991378,64.651532,84.788823,40.217068,52.696510,34.965732,29.335475,70.908033,65.584872,67.282274,68.955032,89.818985,84.893815,53.517939,76.988371,22.217837,50.580495,31.812301,94.122829,106.513574,35.524880,95.613697,17.290090,65.268948,65.543929,83.994802,43.861293,102.736039,66.710246,67.834693,42.498518,52.360144,60.537170,89.246934,69.426486,26.446385,14.447373,74.774296,72.870649,73.268117,51.919779,19.036344,61.407942,92.636310,34.247445,69.935453,51.616507,59.540591,72.961869,32.627589,14.336926,85.373737,101.086804,74.509202,67.342680,24.633963,76.449922,33.133637,58.653731,42.703530,36.866195,0.519595,77.928477,52.548466,59.168852,99.098775,75.179475,52.271446,28.949516,29.127394,51.555129,75.115637,58.197619,55.585382,20.603883,80.303495,68.526784,64.194760,56.125022,6.397409,14.625046,18.672348,72.434208,33.307987,63.731658,61.232311,74.833544,68.208317,44.005126,75.390981,58.235238,99.466236,59.978137,52.221529,81.801007,98.362177,94.638906,53.163516,78.054782,7.629172,80.647503,95.660600,45.419284,52.116224,77.121126,48.441686,23.765967,10.733511,98.884052,79.329341,70.170741,106.438275,25.057188,85.315072
63.668486,3.300051,61.939879,94.848998,85.883562,74.664115,60.529442,32.948913,51.863659,81.222391,19.894403,51.710694,14.674054,64.352383,93.243843,0.000000,78.552254,7.422129,41.916629,34.516871,72.412378,95.784641,97.179833,42.329618,21.365817,92.751386,35.890316,77.000365,114.087774,83.285427,81.100392,21.368092,78.721472,61.311623,65.184546,30.933560,76.835075,74.007537,91.005878,12.292132,94.825804,83.074128,21.648883,66.567682,105.143020,50.248339,109.317584,46.122019,107.575313,56.262392,57.757869,42.277357,75.910583,89.291924,70.807904,22.092473,2.075432,102.312913,76.464972,59.586515,38.737874,67.701638,47.449182,74.991580,75.960623,36.157419,39.714872,68.904737,83.502037,83.542696,92.944059,74.801885,52.467421,73.234850,30.928523,89.717067,38.871266,95.048434,89.641837,73.578722,95.307609,55.891889,58.860814,105.332592,74.705098,18.653898,64.080467,75.382078,9.655674,73.987779,50.269467,62.781866,97.987198,58.566778,33.244645,46.042194,29.414755,26.276840,39.022136,78.238086,45.771797,80.367229,45.823732,71.605285,29.010732,20.717294,68.227836,2.576174,76.509099,39.692127,59.010768,9.500711,67.975690,14.801864,41.820853,68.234004,61.182881,41.057272,51.603093,32.867258,43.936551,97.148660,103.678327,24.737899,22.714467,86.846066,45.307313,89.901040,33.089235,1.590784,98.479472,43.479516,46.999549,84.533273,22.564004,64.241288,99.546059,11.079725,10.945809,70.881054,32.475917,84.324730,72.972837,77.127689,54.705474,51.043281,56.535541,93.738549,18.128738,44.041046,43.382601,12.496744,65.407152,46.312459,89.774262,69.654522,46.361286,35.286299,79.094601,51.903835,113.831730,39.060005,31.745283,51.821448,45.652636,98.226553,97.067832,106.549659,70.476830,73.192913,56.744237,38.237746,19.397665,36.425892,68.659969,77.654880,49.255982,9.008396,83.330085,45.969157,97.008752,5.516991,4.213722,40.421136,64.868531,99.567823,12.726110,5.738433,48.390170,84.057141,51.812019,68.351857,76.961357,101.648152,8.898478,70.422987,39.776550,20.839617,98.098332,11.030147
44.366117,79.474774,17.816840,32.723289,13.137078,44.842051,44.866421,46.717189,35.436540,45.231834,59.054876,32.593710,67.685252,30.756360,41.655894,78.552254,0.000000,72.254032,55.580089,48.856253,78.259698,58.582748,26.808043,46.961390,70.803244,23.148065,46.082357,45.656308,59.514615,24.107861,75.560462,80.646473,17.685100,33.028463,65.432400,51.684708,44.431834,13.323845,19.575476,83.213144,24.704955,8.996467,65.194352,36.992594,60.151372,36.956750,52.491873,42.574491,61.376824,23.947991,72.222675,53.138232,21.790550,10.739912,44.947646,62.500739,78.627589,54.573136,18.247559,28.285687,39.920572,34.622200,43.195703,9.219474,37.466755,58.766674,40.389534,32.704345,14.701018,8.811135,27.902544,90.799146,35.658377,7.133918,69.776295,33.615770,66.375028,16.804836,43.980019,22.504418,20.572864,87.677532,29.758814,54.328085,82.879897,66.558584,88.384310,88.141272,73.255911,5.144537,28.290129,49.693088,23.734864,85.697302,64.763985,36.854905,49.182938,64.053006,54.267899,79.964892,84.943025,19.890477,53.883675,14.710985,67.048940,84.238290,14.640698,80.241828,39.234917,69.444592,81.068298,71.403339,65.329956,82.459249,72.517864,87.593822,58.596927,43.494335,72.008691,60.798162,76.670503,24.553463,40.779021,70.703855,55.892726,31.941468,34.448190,55.984360,56.835213,78.663240,21.940391,76.931381,57.231302,18.615156,56.049359,47.756096,55.794139,67.968122,82.444768,33.835926,66.628183,17.229396,96.889868,60.820841,26.315049,44.240349,39.994889,41.796827,69.916746,55.135984,35.275475,79.166494,35.719905,57.504262,64.443437,20.284722,56.378447,77.671584,16.555513,66.782167,55.113455,50.201468,67.666474,31.486848,32.899635,41.387536,55.458972,40.939535,31.808741,11.623462,28.477516,62.962181,65.629969,70.698664,65.932101,33.877716,67.933184,81.407951,18.772496,57.026065,41.462175,82.286477,81.558222,43.180193,94.720989,42.079079,68.364421,78.460667,45.770592,11.790605,42.052071,11.323983,50.724367,41.689226,80.712805,98.161202,75.031392,84.079528,26.355413,75.112192
56.265747,7.278022,56.086036,87.590029,80.172954,67.256783,53.129872,27.870970,44.558580,73.807161,13.204862,44.538005,7.396896,57.019293,85.842901,7.422129,72.254032,0.000000,40.400829,27.165782,66.220862,88.425530,90.142093,39.213159,22.830630,85.731299,28.658513,69.594776,106.667598,78.440500,74.499691,25.737911,73.505211,57.253730,58.407277,23.583287,69.422242,67.134093,85.518620,18.525838,87.801984,77.192826,14.601688,63.006941,97.740886,46.083378,101.914344,38.721310,100.170099,50.623255,51.560503,34.963357,68.745675,82.977512,63.406518,20.504020,8.696680,94.892923,69.403119,54.911015,32.333499,60.304358,40.032737,68.285396,68.546193,35.027227,32.790716,64.933294,76.602792,77.629601,85.774935,69.471689,45.143533,67.215756,32.155501,85.375290,32.439210,88.886157,82.221202,66.397262,89.608921,51.326307,51.611712,97.910621,68.752131,18.208345,59.100346,69.801137,4.078564,67.571373,43.990618,55.457109,91.125927,53.608631,26.594546,41.346536,23.539770,25.849313,37.108531,71.966653,41.517149,73.267497,38.573466,64.708529,29.562177,26.055496,61.428134,9.890905,69.088789,33.593345,53.548272,2.413603,61.150258,20.427329,36.048529,62.953316,54.134133,33.725405,45.540230,32.022589,38.617598,90.207510,96.377089,18.876753,16.459854,82.484695,38.515002,82.549831,25.774565,6.846639,91.777107,38.212913,39.908663,79.257439,16.296308,56.880397,92.138969,8.032326,17.173535,67.013261,26.039612,77.346272,68.325565,70.003652,49.271623,43.623301,49.116202,86.338601,11.832179,36.826551,37.390323,17.334456,61.711163,39.231957,82.589365,62.566424,39.224189,30.501133,73.795879,45.404102,106.435238,36.294541,25.439778,46.915414,39.438777,90.856924,89.668902,99.292872,66.424779,66.406480,51.889155,31.472207,12.245092,30.523744,61.852343,73.707864,42.883505,15.238952,78.100652,38.861701,92.954788,12.776581,9.377409,33.130486,60.536995,92.200323,5.336299,11.283387,40.973082,78.327955,48.522894,62.363032,69.610876,94.305563,14.887317,66.086318,34.390408,26.125475,91.109088,6.842228
67.958116,44.743616,38.338710,83.523210,56.946430,76.710755,65.669315,21.951511,50.245402,81.580008,33.773801,47.160722,42.240237,60.038252,87.496247,41.916629,55.580089,40.400829,0.000000,42.179256,92.589065,97.923927,81.074338,9.309707,22.701419,76.819387,40.176801,78.840477,108.654714,49.125374,97.054032,30.836739,47.196768,25.785517,81.036759,40.852683,78.064191,58.534389,60.019273,38.475173,78.730078,55.775116,46.535010,28.116902,104.245962,18.626594,102.276512,50.117633,106.255200,32.658886,79.405962,55.288912,64.996601,65.073952,73.897758,20.013941,40.574200,99.679692,63.507060,27.980890,31.481938,65.463697,52.177009,57.113175,73.649443,5.945771,37.182163,31.892768,66.859734,56.443819,79.743972,100.151578,51.180962,48.553010,16.455823,52.743566,62.043233,68.850123,86.501180,63.427843,65.422223,85.882376,53.617638,101.223126,96.370253,23.279973,91.816452,99.309277,44.059336,52.982994,34.888801,70.422024,79.111736,86.783672,56.398041,20.277927,27.178736,15.944868,3.794961,97.314064,77.559519,67.454595,59.073709,56.932241,15.376959,34.877211,52.921576,41.886175,75.018626,64.654728,84.833690,41.600247,82.952325,36.169448,68.099386,94.261618,74.361455,44.647437,74.902704,9.375476,71.984059,79.508585,92.680813,54.034946,30.854944,50.110367,37.943820,92.914622,49.561458,43.077725,77.500690,71.801276,62.421278,52.764745,30.963516,70.430073,98.730070,32.409062,38.479852,33.237705,57.155899,68.766894,101.660698,86.941815,30.042415,56.717704,58.887116,87.868046,48.004365,58.422580,29.232277,34.344661,27.608680,62.037565,97.148528,58.459771,61.304896,66.357778,48.057678,72.168492,105.978424,7.756755,57.326961,24.435520,32.059833,90.224641,97.083370,94.067522,33.654948,56.679790,27.138428,59.186221,44.760269,62.989737,83.749272,39.805811,70.880575,38.619860,51.389273,61.423440,58.653586,42.126836,46.125650,43.304416,95.222818,91.340508,40.898857,38.019571,55.302034,55.459177,14.610184,44.358624,81.519867,92.213241,37.988917,100.493145,68.076817,34.645155,81.107756,46.959239
