Traveling Salesman Problem Specification

Visit 200 cities. Distance table:

0.000000,28.734772,46.914097,43.985175,42.456277,41.334975,35.894182,49.670273,41.194274,13.099913,54.660967,8.406467,61.317093,27.913030,25.593115,53.933277,63.096078,49.827256,39.645885,54.631725,37.102194,19.175576,7.702179,36.020598,64.774052,33.844528,60.316534,47.536452,31.787805,47.883362,28.682732,36.063846,45.913941,78.192835,26.391558,64.035377,32.648057,31.330090,53.574958,70.816191,25.471909,32.199441,47.882054,37.664270,35.823757,53.251501,81.836473,36.969112,18.846009,25.691092,67.618879,33.613666,46.419984,40.683554,14.045878,45.579103,22.739101,59.201198,15.639755,34.589365,43.448672,48.439075,34.158240,35.648583,45.436836,30.961063,25.642471,4.172148,61.176042,38.005235,16.240437,22.234790,54.692030,36.955283,64.342758,46.874032,17.903311,55.070446,32.168501,49.431688,56.808339,53.837464,30.087618,53.721807,75.169842,64.592542,57.493372,25.233730,54.003758,14.132675,47.129576,34.920866,39.628032,36.774740,76.661574,27.204181,2.530711,44.947819,11.063555,49.569533,16.916395,45.081589,21.076139,19.426179,47.967712,63.974692,55.104431,42.408677,40.853534,37.206787,48.461735,66.350808,60.600549,38.783115,30.464519,26.036062,67.056846,33.320872,24.924345,42.264417,19.815764,17.333286,61.757028,27.428843,14.667754,20.983755,34.536647,34.679632,39.685546,67.896864,36.668502,42.319301,81.449918,20.727834,15.683066,19.948745,29.754205,24.871265,46.679947,17.877187,38.635472,13.046129,49.156451,33.964057,80.646130,23.274067,53.388944,44.353940,42.991296,41.109106,49.384356,80.121995,37.859128,26.810449,28.163679,53.920093,55.294216,51.387820,86.632833,39.053909,34.685989,34.143126,14.262030,46.274907,43.356374,32.084707,47.492751,75.217316,13.886613,62.122930,24.856792,39.861415,11.697600,64.656356,30.193628,55.682624,50.169275,51.959153,62.397527,52.619570,20.099215,44.307113,56.655775,35.070889,49.776618,58.859375,67.998671,75.745756,57.219382,13.500543,42.507228,34.864045,43.548203,45.262426,65.027620,58.160141,39.124136,32.947708,24.674380,58.334761
28.734772,0.000000,70.637114,71.359360,14.412246,47.298260,63.077069,22.623596,69.810867,33.618342,78.324925,25.042703,70.182389,16.192809,53.333203,26.375583,38.706117,58.934739,35.095873,25.955695,53.218083,37.522805,28.316161,64.012578,39.357423,56.288789,85.299551,35.627772,59.970011,20.344144,50.551558,8.694791,34.384447,83.141955,16.724134,40.195226,20.468401,23.954172,75.438199,70.528370,21.381441,29.877035,76.605838,62.774592,62.820412,64.935640,86.181788,57.658680,14.972758,40.951937,39.462190,62.082705,64.706416,16.875815,35.803248,31.185044,37.855252,55.066093,44.247405,15.702429,66.726185,24.789501,42.185025,42.624673,16.789327,24.966846,52.305241,32.888795,76.161376,9.979421,44.910068,41.385958,27.235061,65.191352,40.554952,65.281733,21.877988,33.126226,3.557561,34.866203,83.754223,34.098913,39.900401,74.652625,80.749428,91.425592,80.598768,3.501804,42.497028,41.177231,72.246210,62.503317,57.112186,43.742059,83.407618,54.944018,27.622582,73.141564,25.058142,42.432780,34.527576,16.370954,46.723950,33.422687,70.333418,39.536123,40.309539,70.446624,21.041190,40.707181,20.143681,58.775930,84.774722,25.548669,44.163599,51.835855,66.381196,60.367850,41.490141,66.943041,31.668932,33.081853,43.573552,3.231671,34.398283,45.748553,14.982832,47.567599,67.391961,95.464173,32.090530,54.923927,84.834062,9.941733,27.190770,15.875814,53.628972,36.634245,52.895852,21.004673,62.213826,38.271066,49.420790,38.861583,85.486211,44.794128,71.756193,58.466712,71.642657,69.350505,21.711922,80.788690,51.966811,46.693122,46.588717,69.921154,36.923390,61.849686,89.442790,67.786219,61.887574,6.207889,27.853802,54.725294,65.313583,55.136376,19.393910,79.651921,16.697697,33.868724,35.240316,59.524625,22.481515,64.531319,32.030261,35.006623,57.134780,36.971144,35.734177,58.716219,38.256856,44.078991,54.564549,45.146670,58.442018,49.782845,66.073188,75.887509,82.666947,24.259732,31.889519,32.188695,53.248789,27.273072,36.584091,42.909927,11.877646,36.284455,50.894190,35.556999
46.914097,70.637114,0.000000,16.477109,84.998129,83.069084,47.541970,85.166729,37.627163,55.171622,7.789120,55.141485,40.385609,59.945996,43.028967,89.659134,91.947887,87.676955,85.728637,93.591107,23.427937,59.357618,53.345372,42.982681,94.987599,60.321813,15.099986,65.842778,23.917503,84.502371,20.124251,74.853107,64.670475,57.603882,58.317343,91.858129,79.489346,78.209437,8.665929,61.605862,72.367674,51.252240,36.501101,55.747522,16.147162,31.755448,61.230795,65.069307,55.901952,31.543995,103.327828,38.368506,16.085156,85.817313,35.139385,67.764521,33.935733,61.067138,39.360938,80.674036,4.019947,79.730986,76.189608,77.946091,86.626541,77.772987,47.310768,44.288514,28.167313,77.152798,38.458028,29.454770,90.110904,41.284481,92.024701,15.758513,49.383758,82.368450,74.132198,69.917880,19.246415,78.751430,36.638289,10.846924,54.444463,24.777522,10.619507,67.506126,68.585959,33.022607,5.426487,19.192071,19.614355,39.003448,53.415644,43.120150,46.327316,23.101371,57.608319,60.806139,36.156776,85.928033,49.498269,62.660078,4.594505,92.736356,73.406852,21.245291,70.937843,43.941684,90.444979,70.239433,14.137830,63.683497,69.586744,49.969117,59.972848,47.422845,30.371656,5.425037,64.040596,60.443183,82.156132,70.725939,56.361754,25.998383,80.477238,30.166006,18.743266,31.305282,82.972447,28.835320,62.586610,65.763651,61.478124,55.432284,17.335638,36.679586,87.287906,50.200539,8.464339,34.044454,50.352823,42.325874,59.526176,25.843087,16.973509,78.679139,37.392927,42.392088,92.321671,66.213051,26.925525,61.112928,25.207045,22.726933,78.017764,33.677922,67.377439,31.863705,47.100862,73.991067,42.812997,36.510959,7.195008,15.514716,85.238915,56.464826,60.069123,98.636631,38.415599,14.737968,58.590175,57.719697,75.693751,81.184238,39.815334,71.814841,95.190264,41.999241,32.571028,49.815115,56.767744,34.582899,88.003166,67.985757,62.538574,64.080033,13.422522,60.102325,62.269983,51.684455,82.224143,71.498316,101.987479,75.868686,82.434279,44.513279,22.723860,85.878493
43.985175,71.359360,16.477109,0.000000,85.654475,73.863655,33.341062,89.152593,21.843177,48.545071,19.845942,51.211366,56.046699,63.959155,31.459745,93.667327,98.542972,76.644200,79.433015,96.263009,34.897439,51.364271,48.666855,28.492813,101.195119,47.911699,20.100982,74.515007,13.069304,88.014176,25.750677,77.158085,73.140204,73.697587,62.221790,98.792022,75.941731,73.710182,24.534465,76.306552,68.133187,58.390832,20.027561,41.864429,8.642041,46.985684,77.380422,52.587340,57.798006,38.200284,107.613049,24.370446,31.300483,84.646289,36.256339,75.444862,39.417924,73.578640,31.779122,78.527170,17.549631,85.103191,67.494448,69.281462,88.063567,73.003488,35.809714,40.365092,44.620229,79.371250,30.830605,33.997843,94.254198,26.504803,99.009230,31.125347,52.298214,89.173503,74.914204,78.215163,12.960984,86.163726,44.915749,27.141828,70.494880,20.729590,23.173495,67.946864,78.429973,30.281207,11.497271,9.079638,32.212577,49.209278,69.665006,31.047149,44.305818,6.635094,53.234073,71.042322,39.177011,87.533000,39.492580,55.600136,21.018979,99.382760,82.496546,5.040509,76.333355,53.656491,91.498054,82.741916,22.412878,70.279629,60.111115,38.507038,74.243191,33.826090,36.570197,12.835694,57.380128,53.557337,91.029203,70.699815,49.394398,26.240960,78.501643,40.456497,4.686745,24.104831,77.051847,41.747987,78.599339,64.545271,56.080790,57.834994,20.860065,43.069078,77.372363,52.974096,17.242419,33.122918,62.279518,51.290045,75.694886,29.655373,33.383895,66.928395,21.322930,26.831323,92.816763,81.734150,38.540055,50.846024,32.397809,38.866507,86.057107,48.331809,83.492945,16.381170,33.151742,75.797651,45.110712,49.649518,21.517710,21.354222,88.291194,72.352580,57.871070,102.499691,44.737705,27.419184,54.848091,71.866315,69.183077,88.511703,53.466724,80.392250,100.471582,55.908361,36.603417,60.602486,69.418605,44.699817,77.094876,79.177566,76.614806,79.240714,16.379825,55.632545,70.284098,59.539370,71.755414,78.164846,105.712429,85.233793,82.587988,52.890815,20.639734,92.724705
42.456277,14.412246,84.998129,85.654475,0.000000,51.351259,75.231878,17.697924,83.026497,45.066940,92.664408,37.469162,81.936398,27.876604,65.984156,19.255780,34.787005,63.205160,36.073294,14.676009,66.944079,47.786810,40.730696,76.670134,34.033468,66.465355,99.698728,42.192051,74.054349,15.016864,64.891715,12.378784,41.360154,93.343730,28.977978,36.738451,22.215819,27.056418,89.629184,79.294631,27.645839,41.365103,90.045838,73.874020,77.148360,77.538288,96.097492,67.037836,29.153948,54.913479,29.246652,75.161189,78.539679,9.459374,50.215492,37.143223,51.908921,63.164578,57.633824,15.168975,81.071776,24.592421,47.896577,47.809552,4.572770,28.434714,64.433095,46.531660,89.242238,10.530321,58.363624,55.667421,20.182161,78.027525,37.113862,79.124787,35.920467,32.803734,10.878158,40.017306,98.115769,35.631200,53.150305,88.742282,91.224335,105.802435,94.889071,17.731934,48.296256,55.407014,86.656058,76.746891,70.949938,56.188594,94.183964,67.565647,41.611268,87.240745,36.788611,50.395993,48.854010,5.160809,58.627979,42.973473,84.597312,35.452886,44.460922,84.596182,26.003948,52.543217,6.054817,65.066634,99.135407,33.491609,51.914259,63.596879,75.189178,72.496551,55.567771,81.348125,40.881766,43.257238,44.927705,15.044433,45.516975,60.152138,14.413252,60.967216,81.620953,109.753476,33.847932,68.016638,94.450864,21.997836,37.489882,29.826485,68.032998,50.365135,56.398146,35.062222,76.588657,52.618994,59.590972,51.198065,95.588839,59.158399,85.514499,65.012292,84.908768,82.155157,7.326075,89.529383,65.418256,56.497802,60.724554,83.302237,39.075619,74.262886,98.728246,81.389268,74.074043,11.887009,42.187695,66.929537,79.567605,69.510231,12.673813,89.781150,29.247071,23.777501,48.867110,73.598062,34.316617,73.638305,37.106567,35.550714,68.856155,41.501093,28.941646,70.129501,52.534776,54.523612,63.516176,58.155294,62.550278,56.062019,74.407392,84.601424,97.077883,35.334945,39.778405,43.213664,58.307452,31.718865,25.662700,46.420347,3.815455,48.487099,65.255356,33.939784
41.334975,47.298260,83.069084,73.863655,51.351259,0.000000,45.533945,67.779422,58.567653,29.094867,90.193048,34.033558,102.641862,59.152718,42.692519,70.297999,84.923326,11.870749,16.634475,65.773451,78.139747,23.920705,33.651980,49.735859,84.818904,29.694711,93.514751,80.958409,61.100341,65.108731,68.255755,55.397693,79.486650,119.294221,58.505874,86.644507,29.157521,24.417126,91.021363,110.647529,25.925120,69.426956,66.020856,38.904704,68.176743,94.548644,122.879948,26.704455,51.149597,67.025902,80.212780,51.693126,86.465627,42.700341,55.169203,77.234828,64.050841,97.304222,43.708338,36.191807,80.415997,71.858860,7.204278,5.703536,55.923926,23.104528,38.517241,41.651268,101.843890,55.770534,44.612165,63.317265,71.234229,51.951834,87.016690,86.848319,55.012594,80.325577,48.271735,81.142644,86.189313,81.382428,71.054062,91.896846,116.328019,93.463042,93.449032,45.716504,87.968625,51.805525,81.418406,65.827641,80.256149,77.497542,117.935020,43.437243,43.419028,71.320552,31.454476,85.854469,58.240417,56.423403,34.373325,21.951526,85.391722,85.689495,86.840118,70.053870,68.093527,77.080123,55.905683,103.002814,94.995467,70.754079,13.752949,35.952131,106.690579,43.489800,66.223973,77.746604,21.599207,24.131904,90.814062,44.071547,27.633000,59.585451,36.967928,76.014065,69.212274,94.027089,17.857221,83.637701,122.333067,39.020706,26.439230,52.917216,67.748529,65.905287,5.750186,54.491429,75.805876,52.898263,88.589003,74.039706,121.750029,63.578100,93.088334,16.175282,60.437820,54.810774,54.095807,120.374528,79.132532,23.209739,69.084981,94.484384,84.118215,92.722649,127.452937,60.768576,44.913435,52.868566,54.579788,87.465654,81.495798,70.480756,63.210991,116.221420,36.617202,74.935489,65.639201,79.660297,32.552213,104.416513,15.278283,82.297431,91.240643,83.454526,80.107354,93.604273,61.392519,83.350061,95.512699,76.235426,11.264148,94.465866,107.218798,115.788921,89.901064,29.728624,76.418839,72.228780,7.564592,74.187300,76.394963,89.628699,47.872169,72.476093,60.811554,82.540193
35.894182,63.077069,47.541970,33.341062,75.231878,45.533945,0.000000,85.085748,13.480551,30.233201,52.781670,38.062211,80.857929,63.659600,10.449865,89.188421,98.985512,45.361635,55.952160,88.817628,55.154565,28.919376,34.776444,4.915464,100.606318,16.217438,53.232982,81.786571,23.924289,83.104040,42.687253,71.168792,80.178036,99.166398,62.069127,99.928401,58.274755,54.423874,56.204975,96.984663,50.235391,65.286023,20.601883,8.559377,31.516173,71.449566,102.983796,20.403039,54.727112,50.144977,102.535304,9.178120,57.897900,70.671638,40.022686,80.570430,48.990110,89.101984,21.331690,63.341388,46.583834,84.319918,40.656939,42.316582,78.943462,53.267683,10.807921,31.994519,73.474610,72.896026,21.192600,44.597910,89.995708,7.111455,100.234867,58.006053,52.735020,90.913306,66.177491,84.257526,43.644331,89.477833,57.195333,58.212823,95.899604,50.080044,56.180046,59.704934,87.674534,31.250500,43.822773,28.400535,54.832504,63.717106,96.063816,8.917222,37.962856,28.657939,38.455801,81.969068,44.738090,78.810412,16.623270,34.178751,51.381812,99.863903,89.713644,28.514324,76.706705,66.337119,81.244277,97.451490,55.745987,73.962784,32.634260,11.868268,93.909562,2.736218,48.484143,42.336346,36.426457,33.056547,96.963017,61.009917,29.980973,35.551876,63.664481,57.305217,29.421558,49.419004,54.534390,62.524144,103.519186,53.584828,38.235809,55.754253,39.075118,52.764023,47.664242,52.940769,43.320828,35.240205,77.815046,63.117302,101.452644,41.666700,62.559286,35.061636,15.187883,9.282152,81.314601,104.637409,57.977081,23.227222,47.661956,66.532819,90.694195,71.342980,108.725896,17.331940,1.208453,69.000912,46.842548,69.419555,49.437546,41.649416,82.416139,97.010811,46.437522,96.945696,53.754097,51.653347,40.963504,91.394375,46.451874,91.408527,73.712309,86.762897,98.008076,76.398801,45.083956,74.092626,85.663753,60.123134,45.961207,91.239607,95.613245,101.091373,49.511628,39.943885,76.801267,67.563195,41.487445,80.870617,99.625465,92.760331,71.519284,63.291653,32.112884,94.207401
49.670273,22.623596,85.166729,89.152593,17.697924,67.779422,85.085748,0.000000,90.730110,56.137449,92.407056,47.337109,73.704897,25.357990,75.056730,4.523415,17.261169,79.636243,53.280745,10.754051,64.112502,60.146047,50.555015,85.627848,17.093805,78.907617,100.255609,29.545612,79.066089,2.716527,65.428302,14.042047,29.263040,82.363380,27.058077,19.130907,38.810741,43.391392,88.220333,66.880204,42.579491,35.444594,97.101020,85.244320,80.514975,71.166836,84.678165,80.257241,31.832180,53.653566,18.462345,83.266106,75.671035,27.144936,52.937523,24.560441,51.264205,50.594272,65.281739,31.966899,81.146798,8.829992,63.530400,63.703721,13.684350,44.679861,74.409339,53.811077,83.674690,12.699646,65.829261,56.114902,5.119754,86.620842,19.507161,76.276587,36.854402,15.718749,20.301258,26.214281,100.732292,19.378087,49.664968,86.761059,80.674036,108.094887,94.105909,25.694218,34.314883,60.137727,87.844710,80.803161,68.369091,50.560734,84.009370,76.675648,48.034453,91.956480,47.586487,38.467119,50.108460,12.754738,68.988699,55.978641,83.823078,17.984342,29.363146,89.085760,15.354965,45.990215,16.488318,50.665797,99.017387,23.973076,66.366816,74.127212,62.946197,82.411057,54.796433,82.444275,54.156375,55.698042,28.039959,25.381054,56.973495,62.911634,31.141287,57.383645,85.681802,112.970675,50.812291,63.218490,82.683655,32.565230,49.800203,31.490417,69.473539,48.557740,73.079709,36.185028,77.167768,56.557093,49.806465,45.741110,84.426960,60.225831,82.150465,80.317358,92.469770,90.777100,19.961880,76.836704,61.753930,69.308705,59.967783,78.742310,22.943047,67.599687,86.478845,88.070379,83.883936,16.424731,44.047374,60.155688,78.850879,70.294227,5.058218,78.782434,39.128328,13.476916,46.841221,71.968806,45.014894,61.798677,52.893324,18.717715,61.063843,26.971082,13.111889,61.734335,53.142321,45.492600,51.908631,53.685177,79.043323,42.034800,61.661444,71.990042,98.149356,46.877799,28.964852,36.254271,74.357082,18.604632,16.821277,30.718487,20.422437,43.016937,68.570610,16.358972
41.194274,69.810867,37.627163,21.843177,83.026497,58.567653,13.480551,90.730110,0.000000,39.422362,41.688929,45.640869,74.602091,67.348740,17.816457,95.052715,103.145915,58.836963,67.804443,95.761474,50.211013,39.705074,42.441200,8.859883,105.179330,29.645397,40.915735,82.988053,16.856510,89.027453,38.223147,77.250973,81.437558,92.786976,65.645621,103.836904,68.284492,64.905940,46.082923,92.830141,60.134450,66.188024,7.640245,21.756615,22.838791,65.199597,96.566521,33.883532,59.159916,48.291555,108.797796,7.981125,50.363866,79.641536,40.680763,82.596152,48.019793,87.071555,25.574992,72.594597,37.578465,88.713130,53.263155,54.980281,86.335382,63.877474,20.977526,37.022912,65.128085,79.199112,24.954337,42.869727,95.790827,6.618921,104.113356,50.347460,55.679379,94.455809,73.162928,85.998139,30.654791,92.386454,55.599675,48.472940,89.524469,36.759353,45.007597,66.323713,88.202178,31.941316,33.144916,19.827869,48.897346,61.486665,89.194404,16.459004,42.700767,16.138686,46.715351,81.703789,45.084204,86.056255,26.581730,44.817450,41.911577,104.021483,91.089963,16.802884,80.498611,64.943451,89.080576,95.889349,43.772439,76.398628,45.288328,23.138368,90.167301,15.133921,46.529751,32.925690,46.981888,43.292864,98.964962,68.212253,39.609762,33.293314,72.801975,53.857518,18.887714,35.940234,66.072512,57.653434,97.444306,61.030584,47.690491,59.841103,33.693595,51.981053,60.976824,56.083613,35.332214,36.037642,75.562398,61.955626,94.946967,39.081611,53.902870,48.540918,1.980020,5.080509,89.593235,99.539119,53.495952,35.685510,44.295302,58.692335,93.106873,65.742822,102.533127,5.834714,13.837203,75.333342,48.915032,65.178693,41.033074,35.754338,88.684460,91.009172,53.779462,103.313842,53.300778,44.902734,49.002153,87.679100,57.912456,94.511893,69.372332,88.421975,103.250477,72.010383,44.262187,72.596270,83.270052,57.379720,59.430272,90.683525,92.186752,96.448939,37.250800,48.641352,78.189187,68.090301,54.858989,83.850910,106.220210,94.064780,79.475600,62.713442,28.273962,97.901096
13.099913,33.618342,55.171622,48.545071,45.066940,29.094867,30.233201,56.137449,39.422362,0.000000,62.628802,9.161519,74.012907,38.114658,21.671077,59.990710,71.307787,36.854618,30.964170,58.912671,49.107930,6.082736,6.522388,32.110671,72.448375,23.083892,67.028011,59.103970,35.492356,53.943008,39.229157,42.095564,57.499852,91.128191,36.856919,72.524333,28.884238,25.765510,62.719193,83.908512,20.735898,44.650313,46.901959,29.161240,41.519256,65.674397,94.797168,25.307457,28.837755,38.382101,72.927816,31.448157,57.419750,40.538928,26.289602,56.558139,35.586710,72.055941,16.766785,33.314179,52.187694,56.719265,21.905170,23.541874,48.893778,24.870658,19.493319,12.613355,72.749397,43.589831,17.716653,34.351637,60.844342,33.722139,72.860014,57.814176,29.953041,64.192618,36.465659,60.507927,61.454385,63.678875,43.144577,63.349579,88.073582,69.142751,65.743170,30.443711,65.820072,22.876259,54.255876,39.721216,51.161908,49.861655,89.452988,23.148925,15.524243,47.703969,8.560453,61.965114,29.766849,48.823079,13.611555,7.511507,57.052915,72.172322,66.286308,45.715735,50.177021,50.272431,51.055247,78.939908,67.977945,49.693686,17.412921,18.530020,80.135366,27.498075,37.437700,50.033340,8.934209,5.275673,72.234810,31.236645,1.571469,30.647238,33.581476,47.366201,43.896235,71.208629,28.509573,54.834481,94.466943,23.794845,8.268129,30.345137,39.048760,37.923083,34.161999,29.725492,47.453558,23.804347,62.194362,47.043875,93.578064,34.483259,64.119084,31.300074,41.388864,37.725487,51.081402,93.219473,50.253315,14.472298,40.040222,65.391962,65.579311,64.021922,99.662765,39.161041,29.096777,39.750377,27.298194,59.194820,52.891369,41.708948,52.988780,88.199556,17.016603,67.310221,37.951204,50.638713,11.136988,77.742057,20.744098,65.266619,63.151956,63.015390,69.232326,65.632469,32.624331,57.275856,69.630342,48.035043,36.845998,71.159260,81.039697,88.845280,63.604240,9.732583,54.136072,47.389655,30.611265,55.330006,69.840652,69.308415,41.327955,45.953165,32.498198,67.199316
54.660967,78.324925,7.789120,19.845942,92.664408,90.193048,52.781670,92.407056,41.688929,62.628802,0.000000,62.857509,42.121151,67.298440,49.315405,96.880345,98.580417,94.355074,93.312969,101.016227,29.463355,66.628022,61.002552,48.031880,101.710094,66.444692,8.685105,72.004054,29.960017,91.825351,27.774530,82.377249,70.912030,58.145115,65.696707,98.396921,87.257541,85.932291,6.933656,64.218598,80.098259,58.034821,39.219451,61.196957,22.316997,34.435736,61.585816,71.185576,63.537287,38.762317,110.456974,43.645069,19.931121,93.586159,42.909912,74.230497,41.317161,65.473387,46.547285,88.462804,11.601180,86.719115,83.396791,85.164116,94.218084,85.478148,53.661446,51.966114,27.890551,84.680403,45.624908,37.036243,97.305984,46.147015,98.548282,19.435755,56.949753,88.989833,81.808284,76.170884,17.074329,85.219945,43.351399,10.022882,55.132434,20.383326,3.407127,75.219499,74.275656,40.711383,9.063263,25.089386,25.327966,44.998820,53.575240,49.241129,54.104557,25.962308,65.301863,66.412416,43.810423,93.503340,56.285919,70.090607,8.756131,99.351507,79.351906,24.886047,77.967303,50.021197,98.067426,74.543821,6.611891,70.482779,76.610785,56.354408,63.040544,52.969317,37.700589,12.598754,71.529902,67.889065,88.118563,78.460831,63.778011,33.775171,88.264924,36.392941,23.365810,27.515339,90.590822,33.790172,63.258616,73.546372,69.099064,63.020288,25.124757,43.849776,94.263047,57.776973,16.241232,41.822547,55.276982,48.705961,59.848789,33.543449,17.834455,85.106506,41.122895,46.670750,99.990004,67.734176,32.709299,67.910124,32.486143,24.195876,84.295883,36.971633,67.758574,36.179992,52.471799,81.573951,50.479010,41.009960,13.581362,23.258274,92.630983,57.474256,67.855404,105.857501,45.569905,20.864053,66.324739,60.934797,83.234309,87.663385,43.827206,77.957412,102.135304,45.737532,40.164778,55.332789,61.145379,40.732909,94.718451,73.061073,65.750038,66.124817,8.772649,67.795577,68.682289,58.263288,89.046896,78.222049,109.224333,81.688921,90.141302,51.041674,30.314959,92.470319
8.406467,25.042703,55.141485,51.211366,37.469162,34.033558,38.062211,47.337109,45.640869,9.161519,62.857509,0.000000,68.832542,29.054724,28.533575,51.306392,62.231978,43.426290,31.254948,50.769360,45.219238,14.518115,3.289103,39.229455,63.452095,32.232767,68.260658,50.299944,38.559263,45.231162,37.088972,33.315494,48.709604,85.275666,27.855308,63.418577,24.780149,23.076530,61.934408,76.878649,17.261028,36.499238,52.804526,37.937054,43.349368,61.057244,88.851180,34.427034,19.829784,33.429478,64.502250,37.731079,54.773681,34.247239,22.268603,47.575390,30.317349,64.247614,20.627737,27.577212,51.742097,47.614247,26.994326,28.335266,40.987152,22.637082,27.273396,11.007651,69.382601,34.934739,21.453856,30.404997,52.139035,40.559065,63.751728,55.234847,21.738303,55.036827,28.115659,51.538573,64.142887,54.526613,37.040075,62.116870,82.327054,71.928423,65.743614,21.724390,57.102292,22.161323,55.126604,42.140017,47.894492,43.465467,84.009215,30.124661,9.843790,51.512736,2.726397,53.638704,24.602406,40.807294,21.690340,12.791942,56.313675,63.099348,57.331171,49.164611,41.015992,43.204423,43.521086,70.738758,68.696137,40.718614,24.661853,26.814882,72.988403,35.344933,32.835220,50.382852,12.512784,11.139208,63.130445,22.960573,10.353905,29.309073,27.653248,42.335935,46.749951,74.812698,28.264050,50.095492,88.301598,15.569544,7.676837,21.402175,38.078405,31.920421,39.575835,21.382935,46.926500,21.434401,54.907618,40.100184,87.731366,31.653907,61.765765,39.238013,47.547669,44.690255,43.952774,86.475001,45.754779,23.498435,36.378987,62.168381,56.459247,59.008304,93.427661,44.397347,36.878569,31.054265,20.546234,53.502829,51.737021,40.453187,44.423292,82.189996,8.375591,58.903270,31.609947,48.247865,3.638523,70.661395,21.951814,56.105960,57.227573,54.034516,60.391343,59.575699,28.063556,49.792727,62.096827,42.277439,43.269843,62.718610,73.687479,81.952596,65.071403,5.098509,45.378991,39.285711,37.124864,46.201007,61.563679,60.337746,33.864165,38.677692,32.672688,58.057869
61.317093,70.182389,40.385609,56.046699,81.936398,102.641862,80.857929,73.704897,74.602091,74.012907,42.121151,68.832542,0.000000,54.321897,72.829441,77.445974,72.600954,110.817421,98.638287,84.242035,26.076853,79.869303,68.990052,77.276594,76.295639,88.962607,50.143775,45.374171,58.049667,74.374431,38.371339,69.603957,45.132623,18.312170,53.523251,71.613165,87.168564,88.211603,35.187498,22.523999,82.787164,40.608658,75.435529,87.661880,51.885318,9.437290,22.127934,93.337229,56.864235,35.650505,88.694054,72.488051,24.749263,87.014759,47.747932,49.747796,38.591688,29.196818,64.209854,84.972415,38.515766,65.558682,95.473753,96.947404,81.386660,88.438698,76.211231,61.471839,15.969103,71.647845,63.672808,39.882740,77.482340,76.231528,71.622629,24.924387,50.546095,63.841518,72.768871,49.567738,58.824524,59.157723,32.140048,32.105764,15.043095,62.383252,40.956907,68.460411,43.852414,53.356059,45.808809,54.800654,26.037111,26.706565,15.575030,73.660306,59.233346,62.564704,71.518131,36.813640,44.402977,80.382824,75.537182,80.740449,35.897404,73.152403,49.967976,60.155830,58.549938,29.512220,85.578326,36.849202,46.656282,49.912613,91.336705,78.350224,22.236163,79.724399,36.586335,43.211978,81.067196,78.622001,57.874111,72.020853,75.566099,46.534979,84.413290,26.655355,56.786394,69.592996,95.409406,19.316098,22.843251,70.951097,76.508949,55.365260,41.794351,37.031799,107.991989,51.334727,39.505192,50.898640,24.209199,31.395701,20.599358,40.918140,24.290857,104.147485,74.948981,78.602754,88.560871,25.830443,24.024488,85.607296,34.748828,17.960203,56.779966,10.029498,27.964592,68.852195,80.033930,70.162124,48.576633,15.727088,34.529827,39.300549,76.165780,16.420238,68.856080,85.613210,37.623166,29.700936,70.976911,20.657983,90.440379,61.408104,13.090770,50.217473,78.913238,11.983752,41.389358,28.213753,25.447650,26.696269,110.840298,39.119316,25.147594,24.006529,50.893799,73.585306,44.806602,38.741014,104.608873,55.476525,88.931982,51.162655,81.016119,33.906396,48.840817,66.689644
27.913030,16.192809,59.945996,63.959155,27.876604,59.152718,63.659600,25.357990,67.348740,38.114658,67.298440,29.054724,54.321897,0.000000,53.252167,29.879321,35.797426,70.111938,49.434910,33.765335,39.811031,43.542118,31.653241,63.344646,37.927027,60.933528,75.008833,21.849368,54.414546,24.559877,40.095267,15.898978,20.348966,66.949895,1.747640,36.519380,35.578270,38.146585,63.440178,54.550542,34.064351,13.770448,73.204413,65.510775,55.340614,49.662683,69.992453,63.419568,9.304692,28.573819,43.753124,60.348202,51.477413,32.793697,27.936881,18.596403,26.010519,39.454097,42.670286,31.735680,55.929423,21.488107,53.011785,53.865658,28.083173,38.867408,53.551563,31.673537,61.426175,18.145536,43.040030,30.763612,30.406475,64.001817,36.804698,52.075833,11.861817,27.289510,18.484334,22.572582,75.395078,25.932252,25.597346,62.201290,64.569638,82.738781,69.143408,15.321829,28.843703,35.773925,62.505770,55.797942,43.972626,28.313351,67.264887,54.838684,25.716476,67.060403,30.549050,27.164018,24.810091,27.197772,48.875484,40.967451,58.816078,36.672814,28.375430,64.140688,13.164505,24.816684,32.222929,44.103910,73.896630,11.803688,52.838831,53.906577,50.410108,61.141609,29.600728,57.104176,39.888762,39.787849,34.146477,18.576787,39.392137,37.751167,31.060854,33.468833,60.638718,87.670581,46.244073,40.249236,68.665679,20.501415,34.645338,7.977593,44.116997,23.595032,64.899604,11.337622,51.863032,31.928350,33.241586,23.326524,69.293401,34.869000,58.276480,67.590838,68.960008,68.078474,34.852465,64.782265,37.932474,52.544655,34.812390,55.658581,27.543717,46.404739,73.310686,64.095795,62.455126,15.992215,19.032518,39.108001,53.804146,44.954282,25.343966,63.459134,23.017423,38.822760,21.937137,47.178896,28.396833,48.488949,44.201354,27.774282,41.234717,25.040923,36.601002,42.694534,27.784359,27.888905,38.622340,30.389404,69.767689,35.383612,50.257582,59.903568,72.834066,31.103069,17.273859,16.001587,64.006116,17.386498,42.132743,31.348767,26.705544,20.628623,43.483136,30.652712
25.593115,53.333203,43.028967,31.459745,65.984156,42.692519,10.449865,75.056730,17.816457,21.671077,49.315405,28.533575,72.829441,53.252167,0.000000,79.227388,88.676316,45.252920,50.362568,79.221447,46.808451,22.020046,25.258599,10.698175,90.365036,17.329317,51.447253,71.381831,19.361582,73.148428,34.464908,61.231737,69.770628,91.053995,51.650826,89.586201,50.488888,47.091188,51.577557,87.818526,42.341364,54.941165,25.387490,14.971731,27.034740,63.531873,94.868055,22.067568,44.380451,40.564352,92.716977,9.908121,51.062454,62.096452,29.892728,70.124514,39.146944,79.253331,10.923805,54.949973,41.287096,74.028133,36.695065,38.466170,69.514747,46.069935,4.371880,21.619964,66.920573,63.033130,10.863139,35.082254,80.016552,12.099967,89.889211,51.256180,42.285201,80.523349,56.541398,73.819061,43.524264,79.042897,47.434320,53.157859,87.807514,50.771734,52.699774,49.906264,77.327544,21.317130,40.269064,24.236339,47.044945,54.088274,88.258528,1.618920,27.589181,28.632087,29.301007,71.748744,34.613574,69.317465,8.920816,27.056012,46.297683,89.555166,79.289878,27.409983,66.326683,56.436886,72.030882,87.454278,53.344705,63.512933,28.987494,7.079613,84.598142,8.115298,38.968702,37.615131,29.197539,25.484711,86.514234,51.445030,21.802545,26.557177,55.190413,48.213194,26.907594,51.602665,48.478754,53.999531,95.212851,44.095809,29.931149,45.369116,31.555864,42.821026,45.960647,42.493200,37.357739,25.165341,68.085839,53.179226,93.396521,32.571128,56.454029,35.796328,19.793640,16.186390,72.335741,95.839675,49.340431,19.507153,38.734075,59.724758,80.245334,63.065417,100.453672,18.437149,9.259469,59.136484,36.436707,60.503132,43.523315,34.311366,72.564859,88.706339,36.861615,87.153933,43.717652,44.464180,31.699615,82.086107,40.325176,80.985031,64.793297,76.326501,87.900202,67.474978,35.259061,64.171165,75.935173,50.712783,45.678192,81.047265,86.177278,92.107960,47.757554,31.078297,66.388241,57.260858,40.295924,70.434622,89.916297,82.338824,62.344430,53.211099,24.157078,83.835338
53.933277,26.375583,89.659134,93.667327,19.255780,70.297999,89.188421,4.523415,95.052715,59.990710,96.880345,51.306392,77.445974,29.879321,79.227388,0.000000,15.904919,82.168729,55.308523,8.390504,68.494414,63.803745,54.550134,89.830441,14.791592,82.608095,104.750946,32.744754,83.533090,6.084413,69.942029,18.020454,32.623997,85.508645,31.580899,17.977746,41.165348,45.885300,92.645708,69.710314,45.548058,39.728273,101.477492,89.140309,85.028844,75.191331,87.703606,83.805692,36.274326,58.135653,13.957713,87.545206,80.025527,28.626539,57.444557,27.913239,55.767871,53.499189,69.563455,34.180722,85.639211,11.937577,66.371643,66.447367,14.805929,47.217798,78.474994,58.086664,87.760444,16.400998,70.127386,60.633091,0.936239,90.860798,18.343756,80.631355,41.369912,16.995711,23.752294,29.117351,105.255697,21.266450,54.049329,91.155870,83.928300,112.617223,98.556228,29.589352,36.956779,64.591676,92.358856,85.302734,72.757275,54.763076,87.336041,80.845835,52.352320,96.443541,51.430289,41.701379,54.631390,14.095824,72.990685,59.492910,88.282972,16.478818,31.618669,93.578174,19.495598,50.120581,16.588616,52.913614,103.491504,28.002395,69.583378,78.120431,65.851083,86.501495,59.291751,86.958850,57.605541,59.320404,29.076221,28.944468,60.771095,67.426505,33.380246,61.733513,90.183941,117.492554,53.007306,67.446684,85.623659,36.274577,53.413030,35.970651,73.995685,53.031141,75.472574,40.696166,81.675360,61.035657,53.405311,49.988827,87.519342,64.747858,86.455621,83.308843,96.805431,95.020352,19.847502,79.530312,66.084005,72.913112,64.456150,82.948407,24.772516,71.599728,89.267776,92.461814,87.989681,20.257953,48.559333,64.174133,83.318065,74.809177,7.227378,81.937459,43.025150,8.978338,51.310692,76.403894,48.853877,64.824906,55.645242,20.123700,64.933349,29.558292,9.820295,65.503780,57.663618,49.270677,55.072882,57.979904,81.543737,44.534381,64.422615,74.732328,102.657903,50.601884,32.639385,40.423521,77.057935,22.028394,12.349076,32.608494,22.474954,47.281252,73.079328,16.674632
63.096078,38.706117,91.947887,98.542972,34.787005,84.923326,98.985512,17.261169,103.145915,71.307787,98.580417,62.231978,72.600954,35.797426,88.676316,15.904919,0.000000,96.761593,70.541740,23.602826,69.205721,75.828291,65.302009,98.961413,3.772386,94.354016,106.924498,27.721853,89.884720,19.974804,73.379389,30.052039,28.403872,77.480208,37.505376,2.148873,56.045887,60.579715,93.494769,60.723578,59.475692,40.727695,108.950632,100.032503,90.062574,72.285534,79.132401,96.080503,44.309212,60.902453,18.075866,96.098508,80.095053,44.241904,63.325845,24.490896,59.225659,45.378783,78.303462,49.226195,87.993532,14.682349,80.465826,80.716650,30.506822,61.848553,88.576790,67.067061,85.054441,29.287231,78.720466,64.573975,15.063940,99.702868,2.487641,80.691557,47.546449,9.590627,36.938854,23.377362,109.127507,13.720130,55.312513,91.559731,76.413667,116.062124,99.758857,41.337849,28.965487,71.492821,95.405257,90.864995,73.439922,54.029563,80.096111,90.282154,61.107374,102.208578,62.893384,35.813413,59.646085,29.692437,83.486272,72.016145,89.826200,0.879020,22.830471,99.238503,22.665763,49.007202,32.492937,42.393641,105.125816,28.391241,82.863270,88.615563,57.266188,96.392594,62.363597,90.108168,70.334109,71.502272,16.658911,41.732712,72.305535,72.729440,48.399437,62.249057,95.601803,121.606903,68.065246,66.468574,76.741271,48.478855,65.681317,43.423776,77.949521,55.802870,90.272577,47.093231,84.599994,67.563496,48.589206,49.925573,79.230240,68.903309,85.814471,97.065342,104.755666,103.802878,35.722353,69.819299,66.218405,85.057329,67.173898,81.370443,15.823056,68.609644,79.748577,99.838384,97.777092,32.600083,54.559144,61.553685,85.099157,78.199743,22.147704,74.017045,54.415279,17.927144,54.076465,77.717478,60.373958,56.772142,69.924648,11.325509,61.250900,22.408899,8.646439,61.169578,61.946973,45.733835,48.000157,58.011148,96.185616,35.340624,55.316712,65.294539,105.316007,62.526240,30.077480,40.317680,91.383404,20.499832,20.182363,22.380053,37.667913,47.539224,78.531573,6.158972
49.827256,58.934739,87.676955,76.644200,63.205160,11.870749,45.361635,79.636243,58.836963,36.854618,94.355074,43.426290,110.817421,70.111938,45.252920,82.168729,96.761593,0.000000,27.963997,77.587859,85.574312,30.948122,42.400022,50.063843,96.683435,29.241371,96.687156,91.961224,64.525269,76.969299,74.817216,67.142425,90.455457,127.979662,69.347820,98.469163,41.023529,36.287151,95.988475,120.283565,37.562818,79.653298,65.835322,37.476547,72.045216,102.338046,131.642211,24.981927,61.744983,75.220458,91.992373,52.980962,92.931147,54.479019,63.069670,88.417358,72.441028,107.523939,48.920003,48.052829,85.434771,83.591485,17.101536,16.371949,67.777894,34.970285,40.882105,49.345684,108.639002,67.571184,49.731419,71.014014,83.104960,52.330118,98.840696,93.259392,65.002356,92.027327,60.034231,92.355218,88.269686,92.959205,79.909990,97.196694,124.928124,95.123328,97.706735,57.193363,98.952582,58.395075,85.363356,69.387366,87.254208,86.553121,126.288082,45.597061,52.130770,73.168029,41.062924,96.432971,66.619448,68.285738,38.188375,30.688140,90.476409,97.531750,98.094688,72.361029,79.572509,86.591347,67.689120,113.604518,98.584925,81.827504,19.480725,38.174966,116.409221,43.870303,74.231455,82.262341,31.001111,32.600069,102.340323,55.719447,35.289858,66.030734,48.832253,84.192412,72.141419,94.776874,29.554810,91.579006,131.277144,50.334382,36.214881,63.491780,73.610721,74.696905,7.215995,64.559247,81.049708,60.159007,98.333481,83.445738,130.430222,70.673059,99.225449,10.475246,60.541135,54.449639,65.794651,129.798563,86.949319,26.615581,76.518663,101.252214,95.621758,100.807966,136.458832,62.055926,45.032438,64.603277,63.725411,96.046600,87.003770,76.417566,75.079871,125.034854,47.232357,86.746626,74.625492,86.082298,42.566080,114.072737,26.936140,93.938102,99.984936,94.709538,91.977763,102.445788,69.437758,93.209874,105.493522,84.873481,0.918600,105.228902,117.108966,125.326102,92.988323,39.710191,87.309619,82.457368,6.305212,85.601424,88.152415,100.930746,59.739314,82.096034,66.322289,94.299192
39.645885,35.095873,85.728637,79.433015,36.073294,16.634475,55.952160,53.280745,67.804443,30.964170,93.312969,31.254948,98.638287,49.434910,50.362568,55.308523,70.541740,27.963997,0.000000,50.060768,76.209480,28.453496,32.511690,59.378378,70.047510,41.777314,97.966945,70.489959,66.364226,50.567047,68.311319,42.199986,69.158867,113.989644,49.216972,72.391804,14.827559,11.301323,92.900383,103.387787,15.958564,61.580617,75.443845,50.932465,72.479000,91.472008,117.369658,40.080917,43.052677,64.049969,64.296715,60.167653,86.016658,26.933572,53.462115,66.218871,60.811431,88.815457,47.694633,21.335841,82.531178,58.445637,16.580723,15.469603,40.602850,10.600747,46.833144,41.584981,100.436937,42.106457,48.647172,61.521481,56.239054,61.410981,72.767769,86.482225,48.468357,67.000861,35.143838,69.947317,92.291809,68.698132,66.499260,93.229738,111.240192,99.925986,96.343598,34.488812,77.439622,52.807061,85.111538,70.670711,79.059424,72.269897,113.323541,51.515030,41.001813,78.186314,28.583005,76.592398,55.345934,41.230183,41.442283,23.852806,87.246050,71.257522,75.403932,76.386396,56.078334,70.812075,40.073579,93.401556,98.825124,60.268569,24.008002,44.716928,99.294437,53.500734,63.665974,80.722592,22.062846,25.876270,78.253304,31.953718,30.042761,60.302565,22.169882,72.705671,74.764685,101.605088,3.258807,80.553898,116.449235,29.095494,24.289928,44.780200,69.016744,61.711396,20.836714,47.762966,77.732560,52.598140,81.459119,68.119952,116.423644,62.908854,93.019754,32.422518,69.770580,64.889976,37.975122,113.471585,76.435394,32.796734,67.514705,93.292230,71.732859,89.111503,121.377147,68.753621,55.084648,39.811764,50.204578,82.977020,82.800480,71.501474,48.457888,110.693554,29.788637,59.175651,61.022532,79.502499,28.312510,97.202151,10.250317,69.285748,86.314108,72.066977,65.013898,88.416526,59.007062,76.058524,87.663103,71.962767,27.204735,84.518873,99.404713,108.687672,94.561253,26.157181,66.409834,64.284564,24.175633,62.333944,60.404485,77.980411,32.904328,66.095360,63.012036,68.835410
