Traveling Salesman Problem Specification

Visit 200 cities. Distance table:

0.000000,67.758488,47.847139,105.700911,100.592063,50.781173,19.515241,36.728190,70.519865,54.768931,98.117763,29.695398,4.266022,50.505737,89.648229,79.889606,83.994771,61.787316,54.530762,90.720566,70.309538,49.677145,81.146921,56.534117,63.953158,38.807544,110.572287,58.113047,82.952051,8.308875,93.563306,45.962823,39.928957,33.209595,83.501129,69.969917,14.568914,81.119680,87.732892,35.232232,64.713771,95.448941,102.170050,25.480951,92.763518,100.577940,87.377092,34.243243,112.338342,13.036619,90.949354,58.348905,89.046048,14.840159,101.475670,51.941194,83.928333,92.169182,60.813381,91.931443,32.318406,122.183294,94.279513,74.899361,61.223162,62.279494,73.007226,63.595981,50.003531,95.383622,47.090596,82.906896,117.574167,44.984102,95.956266,59.209629,59.436199,80.029492,109.505457,41.476191,33.763253,65.753438,51.558572,117.480829,38.801262,79.565310,73.066718,32.612519,61.563595,51.513773,33.946243,43.385161,96.223813,84.366211,109.854013,95.248604,85.181560,74.269744,85.292646,103.471760,51.106157,98.847317,76.947297,95.636086,42.271608,22.747372,40.664082,111.638903,63.687661,73.417622,96.312515,91.384821,78.077040,94.614100,34.092382,94.383249,66.581706,68.083308,42.422513,21.601400,95.441181,57.999334,90.495572,109.798716,49.708479,53.458476,61.107225,66.161671,86.466261,106.997618,59.716164,79.285345,82.331577,94.076227,118.683108,73.249813,58.279556,52.980103,74.074318,68.350529,79.770104,55.188279,102.742070,62.010203,11.669636,57.036694,55.639769,50.302997,65.869802,22.136065,102.162558,66.589106,43.656876,85.254828,82.420604,61.947192,40.886455,42.557556,91.219412,18.167980,96.212122,62.738158,104.991815,58.557468,12.283829,59.912774,106.867950,55.100663,110.296699,101.693011,38.273366,49.866046,80.037968,25.826099,122.431947,97.584383,41.538551,51.913240,47.852726,96.088122,74.233096,75.314260,86.582265,50.228289,43.496863,93.034829,90.100140,98.066394,78.310029,64.478430,109.692349,95.794853,47.034487,83.540444,7.972135,98.826668,73.982008,65.621184,67.148805,46.192585
67.758488,0.000000,66.973853,77.345529,87.597521,17.055145,61.631449,46.014911,49.752661,23.246354,33.530851,63.611116,68.366585,22.166578,53.354726,16.150578,73.288889,65.043603,41.894158,50.640582,19.305257,69.554856,80.609927,64.564878,4.854593,67.082562,80.778114,19.136609,18.439349,62.867264,82.532925,56.197795,29.953552,34.785875,32.681103,47.034676,62.804335,13.368862,72.833017,32.606429,20.782013,65.254931,78.675612,49.107372,25.396330,53.594565,19.620614,70.989408,62.940428,66.134270,71.738835,45.565273,101.215187,52.938819,43.232591,44.637671,38.289965,92.618835,48.580820,71.181989,44.546791,71.795293,55.591755,59.308843,76.347420,33.406156,86.433931,64.143097,21.523293,27.628758,21.672164,75.057640,70.869045,65.375445,87.338680,53.854515,11.836904,57.064311,56.648690,30.579408,40.532543,7.404068,60.224396,81.707922,69.229597,60.183417,57.677923,37.051588,21.585329,17.072764,63.663580,45.057198,72.208601,89.873545,61.922670,38.207615,47.645348,46.935183,83.802724,53.749290,76.122039,41.332018,32.892428,27.880497,25.528183,64.887736,30.008035,66.452691,45.306527,23.971874,28.627372,78.400974,26.342883,74.463195,44.399192,58.910401,40.567017,64.097942,27.896187,49.531111,30.388533,45.876648,22.886321,59.919545,25.492798,67.586138,81.293853,53.661012,50.820225,66.173842,37.255439,45.735345,34.341339,26.382887,66.484293,11.965053,53.149433,14.890289,15.254129,27.143608,88.749655,50.193903,44.590921,63.622932,56.172942,24.605899,22.639684,45.910320,56.391847,45.712609,69.797652,64.383879,28.059997,97.352922,16.057241,29.803966,30.172976,49.589048,102.990510,56.401062,35.509714,17.648924,47.921756,43.889147,56.144372,64.254911,52.516753,70.596910,53.792088,47.877219,43.601599,18.311520,71.678055,42.191964,73.444544,32.279545,56.267023,17.016614,61.247851,87.116371,47.752676,8.000775,85.822389,23.118988,24.358031,25.281449,40.012588,34.957683,67.263547,3.555015,57.975077,86.129330,22.409936,18.238116,59.896205,50.302945,67.747549,41.389874,75.006127,46.081251
47.847139,66.973853,0.000000,63.591245,53.956286,56.560412,28.440997,23.443636,34.752217,43.910135,100.092878,18.161682,51.974814,64.547749,55.195312,69.646791,38.417136,15.987934,27.399560,58.279252,55.913802,2.749821,33.516448,10.503958,66.193078,9.526188,68.444813,48.314585,85.394882,52.424180,46.996459,10.799077,41.861025,49.747122,61.226372,36.010258,33.332212,77.190680,43.021079,46.261999,50.349533,56.002700,58.562218,30.022959,89.902954,69.868197,82.505989,16.285070,80.830334,35.030897,47.348181,26.642428,42.993591,43.866996,79.281032,23.739316,57.775587,44.326142,26.175223,48.786819,28.183840,89.821721,59.902876,33.811312,13.915695,39.144782,26.272290,18.434890,46.222506,89.267503,48.691281,36.606226,83.399626,2.955097,48.747407,20.683806,55.136954,41.108367,81.067586,39.136030,31.855347,60.650164,9.065371,77.212992,10.586515,38.840465,32.618107,38.962387,47.799128,59.466077,13.901139,22.047880,53.707762,36.686410,77.790229,73.615568,53.086982,40.681641,37.604130,73.985495,9.169380,76.648999,53.198211,89.513788,49.806253,25.247401,40.830130,77.454212,31.172892,55.671135,89.135133,45.543933,59.139246,50.783375,26.907151,58.073203,37.284055,23.498906,42.526465,54.346935,82.139142,26.134219,83.747802,79.099019,41.631496,5.821765,16.113926,27.565366,52.696074,70.999346,34.346318,47.171849,58.553301,89.495271,88.153444,64.149017,20.427132,55.508136,80.580073,48.602034,32.399156,20.527500,80.169822,16.949298,46.138079,43.316766,44.627539,21.936658,25.454636,43.049739,62.477867,21.670637,41.101007,38.959898,82.594238,41.696261,59.201134,17.615081,45.160881,31.978478,77.662065,74.283650,80.951514,28.166771,48.468648,14.320498,80.141478,7.302759,84.684901,75.705526,25.164576,57.569912,34.315122,48.013589,89.067291,84.195615,11.485091,60.346159,5.992660,48.932433,40.103651,74.484145,38.803849,44.178284,52.908263,87.802856,64.682215,101.843810,33.951361,63.633853,80.353338,48.781386,59.059606,85.077444,44.320172,69.629502,28.691725,35.810985,19.316605,20.925886
105.700911,77.345529,63.591245,0.000000,22.138510,81.492763,87.192064,69.404297,35.921090,63.393676,97.400132,79.034948,109.153042,92.094535,24.047664,66.030873,26.842119,47.645658,52.468046,27.428368,58.094606,63.497886,37.848720,53.087435,80.574780,72.574357,4.907441,64.096301,89.309287,107.170011,24.149883,60.598410,76.339382,89.088810,46.308311,37.257007,91.891082,77.242535,21.561939,84.137067,58.340191,12.249283,7.090185,80.943318,84.909725,31.245139,78.387338,79.687262,33.679448,94.686795,16.489283,47.927359,56.322091,95.637300,50.551356,54.268798,39.730661,39.882389,45.076033,14.868763,74.641095,37.616660,22.791113,30.940261,56.874094,49.979431,54.484933,45.158100,70.760140,80.121298,76.153789,29.835052,29.880273,65.482918,27.611988,46.640861,70.610348,25.974092,39.850847,72.785139,74.941422,70.536556,56.242756,14.467407,74.053505,26.145869,32.689745,80.174691,59.382644,84.414708,75.156088,62.720566,9.883568,45.466325,31.042678,49.527728,29.701155,34.174735,36.441981,34.907213,67.500633,49.543180,44.453173,80.245822,81.746371,85.864214,74.844744,26.378339,43.112085,53.376116,78.565922,22.048570,51.588387,13.559459,72.678642,18.729997,42.748610,40.092639,74.668258,101.920851,66.186624,48.194901,76.418991,34.455810,66.786810,58.192146,62.014983,39.541546,26.538316,19.438437,49.738141,32.421408,43.796874,82.359383,39.837072,66.198106,47.521109,78.013736,91.668316,51.353229,49.472440,50.512841,50.256654,46.647199,99.151017,60.221906,63.105661,55.665126,40.064580,90.679364,8.269692,41.927803,72.322916,54.953775,85.013637,52.653928,93.673999,63.143405,56.546017,87.545089,56.084598,94.074607,47.986429,48.139762,100.955592,49.271124,42.690346,58.603107,46.921264,42.338776,68.362900,83.621845,30.576425,92.625848,35.287990,67.001720,65.005413,85.159043,60.464609,27.127582,33.786925,80.051935,37.389444,68.551329,84.013781,80.560326,41.000974,100.867564,29.754790,76.273033,37.758228,26.105279,88.128642,88.008537,99.538424,34.352764,35.245982,43.046871,48.948390,59.733051
100.592063,87.597521,53.956286,22.138510,0.000000,87.571082,81.159312,66.973559,38.862920,69.040523,112.481216,71.574136,104.484083,98.126407,38.705013,79.386230,17.030036,38.836620,53.229851,43.251452,68.664865,52.952490,21.554896,44.221934,89.881815,63.480611,24.712729,71.103943,102.255075,103.723619,7.029488,54.797824,78.762355,90.961434,60.582356,41.313262,86.095508,90.497258,15.156887,86.147508,67.009019,27.448537,15.285295,77.990000,100.002727,50.680168,92.868730,70.058548,55.248660,88.318608,16.040696,48.180246,35.154108,93.170758,69.351206,53.508249,53.783439,18.659436,44.672246,17.007457,72.731693,59.745427,39.882116,29.898702,43.455740,55.643653,37.190606,37.004503,75.820420,96.020674,80.891504,17.687712,52.000139,56.493890,6.609313,43.228093,78.599760,30.536078,60.694072,75.065029,74.252787,80.278848,49.033864,35.163267,64.405407,27.664696,31.868151,80.683254,67.013756,90.731898,67.347285,60.831390,18.356296,25.869768,52.406916,67.027048,42.909613,40.683718,18.381019,54.888315,55.038395,67.849003,56.162542,96.182799,85.556218,78.729773,77.253956,48.200619,45.186673,64.650372,94.738832,9.918102,64.313919,14.118616,70.774192,35.327259,47.899845,32.727202,77.686160,101.433443,82.952191,48.223877,91.629819,55.634792,71.071540,48.136393,47.294414,38.235342,39.728749,40.904188,53.466748,42.519122,57.544080,97.868231,61.750074,77.877431,44.266332,84.549860,102.715618,60.454028,30.775686,48.043628,69.320566,38.585911,96.279155,66.176918,69.044658,54.170219,37.009457,89.631508,28.458749,34.085558,75.360447,34.455739,98.124290,59.041955,97.518206,59.640149,35.085956,83.070724,73.523801,102.667283,67.599069,49.141408,98.379026,40.708519,62.934893,47.430502,67.489100,61.589911,66.724910,89.520544,20.710443,92.826717,57.424815,84.136472,59.147745,91.578235,52.807766,6.183311,39.892479,91.939592,18.417456,73.363785,88.295285,95.997276,57.265297,115.649080,23.424705,85.739343,58.744680,5.697829,93.396936,101.152877,95.660037,53.228596,26.783455,47.492684,35.657776,57.705841
50.781173,17.055145,56.560412,81.492763,87.571082,0.000000,46.147827,33.616766,48.726973,18.566041,48.459382,49.699020,51.316284,10.655809,58.631404,31.114616,71.626090,58.456273,35.985003,57.147293,26.698827,59.284811,76.588927,56.606270,13.212086,54.702878,85.561811,17.419252,32.977213,45.816921,81.633637,46.277181,15.333054,17.730750,42.145882,46.379471,46.737080,30.416207,72.415636,15.865064,23.857430,69.270164,81.341346,33.909399,42.027177,63.001242,36.655623,57.480451,73.678282,49.942741,72.590956,40.713754,95.127899,35.998652,56.696461,37.483918,45.939170,89.099895,44.203717,72.484792,30.628772,83.167075,61.957197,57.796387,67.901532,32.160507,79.197944,58.211258,11.946992,44.662659,7.912456,72.687974,80.924900,54.458047,86.031677,48.150772,12.348092,57.820821,68.447120,17.473837,26.431846,16.868629,51.452928,88.469755,56.685688,60.047222,55.893192,21.382076,22.221274,3.213624,50.532914,34.818165,74.639577,84.859521,72.084125,50.950893,52.857692,47.986700,80.271387,64.225530,65.394018,54.418317,39.082902,44.912902,8.881088,49.845385,16.016459,75.806820,42.546347,31.451082,45.682479,77.808383,35.503655,75.808729,31.027697,64.332843,39.900717,59.493665,14.124321,32.655562,46.451619,40.851812,39.929527,70.720748,16.994082,58.449276,72.078039,50.311673,55.610315,73.964264,34.142645,49.108767,42.632227,43.296190,78.349807,24.968324,47.241049,3.732647,25.479285,30.631736,82.774190,43.635344,58.062761,57.317096,39.161885,21.567404,18.653970,38.065687,52.458300,28.847829,74.850473,59.285317,15.471186,91.091555,31.875671,29.051343,14.518738,39.028734,97.084005,40.513314,49.765010,17.731487,61.064437,39.345708,39.093117,57.261937,64.742368,61.479358,66.893613,59.704903,31.550153,2.177932,69.172745,25.139776,84.375057,48.478191,45.175371,4.107075,51.400324,85.897887,48.593616,24.539523,82.224473,14.447130,7.306605,42.279119,49.803157,49.075057,65.161663,13.975373,69.390572,85.052699,7.098890,33.323995,42.968225,60.128232,64.227732,40.146371,68.262708,36.789884
19.515241,61.631449,28.440997,87.192064,81.159312,46.147827,0.000000,20.458176,52.855190,43.367647,94.505152,10.446521,23.570643,49.989282,72.854118,70.640760,64.674722,42.327975,37.857258,74.503081,58.975047,30.405999,61.637023,37.034256,58.878728,19.735285,92.091245,47.493379,79.008980,24.194740,74.129960,26.804849,31.677963,31.776978,70.143754,52.698442,4.948991,74.423766,68.570186,30.902400,52.987373,77.478662,83.302455,12.549142,86.967717,85.082600,80.566905,16.668243,96.810302,7.510074,72.012929,40.936284,70.430885,17.894412,88.720931,34.716279,69.356027,72.755285,42.941731,73.093674,18.286505,106.528578,77.603361,56.257376,42.038593,47.442158,54.071345,44.200839,40.871399,88.364170,39.979288,63.485640,101.315865,25.543101,76.455717,40.552235,51.165961,61.931220,94.883841,31.478131,21.633311,57.677827,32.157152,99.513990,20.123803,61.076258,54.508997,24.793880,49.787177,48.018894,14.590096,26.485125,77.552440,65.086907,94.119058,82.511097,68.915319,57.257519,65.786938,88.406833,32.595874,86.021957,62.831128,88.622450,37.359508,4.730597,31.693782,95.301735,46.443971,61.092112,88.903839,72.050934,65.591945,75.656546,19.362426,77.190311,50.304438,48.792085,33.793189,29.317298,85.662555,40.525288,83.055771,94.477201,38.722478,33.982858,42.480906,47.763417,69.779383,90.080810,44.012333,62.830786,68.441549,87.627151,103.551048,64.082727,39.684916,47.054885,71.517971,55.033807,60.630855,36.943922,89.891771,42.609220,18.990443,44.827047,44.282496,32.838227,47.143400,20.764254,84.211508,47.245185,34.016258,66.535026,77.486742,47.980626,41.690360,24.530999,72.612702,6.242980,84.564171,61.898998,91.703780,41.461262,21.350239,40.454406,92.741657,35.729985,96.601958,87.691455,22.657664,46.070639,60.681058,26.533883,106.473770,87.841605,22.351942,48.695613,28.369149,76.591976,57.086302,69.616670,67.093209,40.158207,39.757834,86.288821,75.966085,95.220260,59.142690,58.094507,94.790560,76.311809,45.116619,79.233262,16.267402,83.751268,54.650364,49.153344,47.697226,28.828422
36.728190,46.014911,23.443636,69.404297,66.973559,33.616766,20.458176,0.000000,33.853128,24.663880,79.545696,18.184235,39.918235,41.136561,53.032218,52.232697,49.951039,30.139008,17.849178,54.371277,39.623297,26.192991,50.315198,26.352959,44.411281,21.230603,74.229520,29.110655,64.326895,37.778287,60.091749,14.414985,18.544164,26.803520,49.836595,33.241794,24.217925,57.702062,52.901664,22.961248,33.587643,58.818832,66.395333,11.539055,70.519799,64.736828,63.553930,25.078369,76.487432,27.555312,55.426915,21.664663,64.938675,26.465582,68.477664,15.249019,48.898247,62.640548,24.329179,56.193921,5.812310,86.249272,57.714793,39.047488,36.153429,26.991286,48.285948,31.052058,24.513006,70.998206,25.925576,49.611372,81.245133,21.074440,63.358551,23.855096,34.464686,43.523938,74.432034,16.184660,8.586244,40.671034,20.620375,80.816020,23.310664,43.427388,37.113652,15.813802,30.472006,36.373510,17.674485,6.700035,60.175944,56.494123,73.847891,62.297931,48.792276,37.568932,54.446890,67.989426,31.946568,65.771622,42.414635,71.254602,26.418117,21.652451,17.638502,75.259260,26.961118,41.206380,71.261480,57.246790,45.582933,59.096160,3.952515,57.674522,30.125704,34.478965,19.494324,34.571340,66.641499,21.336779,65.527300,74.107061,20.828014,26.457377,39.449932,30.113877,49.883000,70.365099,23.610208,42.784207,48.040806,70.681174,83.156605,45.939918,22.834834,33.051738,58.452980,34.853409,53.232306,19.261528,69.621772,29.657167,29.842642,25.453652,25.547671,13.739712,30.395284,22.724598,65.512325,33.415096,18.438910,60.838922,62.042469,27.682294,35.909258,7.587371,67.040966,18.707770,64.691837,51.225512,71.341647,21.829279,31.767266,28.447966,72.288624,29.332989,76.177372,67.248382,2.526266,34.433344,46.338241,26.523196,86.289848,68.809363,11.977295,37.232223,19.087858,63.387306,37.512953,53.902349,56.133924,22.963011,29.503600,69.164422,55.524120,80.869109,43.711035,42.503642,74.359596,62.862582,35.653185,64.235071,30.164358,63.330630,40.342995,29.067243,38.627371,9.685910
70.519865,49.752661,34.752217,35.921090,38.862920,48.726973,52.855190,33.853128,0.000000,30.180779,78.137633,46.120532,73.770529,59.312289,20.718540,44.641816,23.563121,22.369945,16.549421,23.535339,31.896383,35.922306,31.623294,25.732771,51.538138,41.817730,40.648290,32.342857,65.959712,71.461007,33.145748,27.820517,41.047551,53.687793,29.842339,2.776961,57.283025,54.954112,23.721902,48.749950,28.974462,24.969394,33.900809,45.346086,66.179044,35.116463,58.619561,48.858961,46.164423,60.339270,24.074706,12.188776,53.607602,59.809645,46.140734,18.604152,24.712820,43.098799,9.939511,24.229658,38.865785,55.357147,25.506930,9.556209,35.548628,16.847262,41.484332,20.146411,37.055738,63.576119,42.230640,25.334570,49.322309,35.506954,37.782851,14.132288,39.976516,9.997156,46.375652,37.397359,39.023110,42.349171,25.779301,46.967573,43.776988,11.371513,8.001428,44.353270,28.498444,51.878454,42.826250,27.159708,27.304058,41.477436,43.168591,41.097942,18.361904,6.158850,34.404830,39.265046,42.006642,43.667613,22.524105,63.786728,47.229741,52.333573,39.531916,43.300921,7.200034,28.967079,62.810729,29.183931,30.456061,27.486785,36.925326,24.454377,9.223493,17.292574,39.637553,66.043485,53.059965,12.522927,58.436802,44.362185,32.447536,31.099579,41.563070,7.486711,18.019170,37.468690,14.759054,12.628872,26.707819,64.731930,53.441687,41.471749,14.566513,45.687125,65.006106,23.156945,41.559248,16.164750,46.843742,20.695078,63.372389,27.321508,30.182761,20.224481,10.352147,54.758288,31.659356,18.485005,37.276806,50.117266,62.118263,20.338504,59.263849,28.328100,55.114315,52.383382,46.247237,63.979564,47.114903,12.233798,65.121285,22.881757,45.687944,33.077234,50.352027,41.523252,32.609102,50.697709,22.016015,56.810281,54.821345,54.834940,31.783632,52.721154,29.706870,37.595889,5.439490,55.077585,36.426601,34.629777,49.819841,62.862487,31.264400,80.842621,17.540761,47.536412,45.611322,36.668684,54.687909,65.075254,63.995502,34.979252,18.907321,8.647828,30.488897,24.333900
54.768931,23.246354,43.910135,63.393676,69.040523,18.566041,43.367647,24.663880,30.180779,0.000000,56.186944,42.844280,56.679131,29.194042,41.306173,27.591934,53.272531,42.147751,18.945473,40.526396,15.734271,46.442000,58.981973,41.371828,23.287986,44.874787,67.620642,4.509919,41.567320,52.404594,63.186118,33.111332,15.621871,27.506809,29.069304,27.813845,45.861555,33.503924,53.890869,22.859578,9.951442,51.250644,62.922329,31.251417,46.317793,48.175052,39.137080,49.581948,59.603381,49.363526,54.028546,23.128364,78.664868,40.666785,46.712679,21.442017,30.804235,71.352809,26.448798,53.942577,25.093779,69.416290,45.087033,39.348708,53.131266,13.631348,63.459748,41.464958,7.406952,46.419014,12.811945,54.500416,66.030826,42.475599,67.661955,31.162784,11.530655,39.278742,55.660107,13.333514,21.945429,16.743705,36.978748,71.291808,47.088363,41.484816,37.478790,22.339939,6.798114,21.701191,42.111193,22.310225,56.213184,67.754764,57.541486,40.492338,35.697665,29.543351,62.490157,50.289115,53.078165,44.095214,23.573722,46.674142,18.719689,45.635265,14.502119,60.484652,24.206453,18.669772,46.624157,59.312839,23.334590,57.263333,24.242499,46.929186,21.344969,42.027286,13.246720,42.473629,42.316911,23.360849,40.924307,56.813705,5.071298,44.343963,58.047524,32.240092,38.151220,57.601894,15.747418,31.269210,28.393696,46.243341,65.255629,21.280393,30.371382,15.530949,37.703729,14.513382,66.198138,27.175417,47.986543,40.806570,44.411543,3.198616,0.914916,22.665924,34.625868,33.712573,57.113610,42.066096,11.408322,74.723744,38.684714,10.742265,30.386101,26.834105,80.518076,39.416202,41.627558,34.351215,50.322891,21.580813,45.324828,41.241447,52.625031,47.352020,55.759874,47.422596,22.138078,20.579611,51.002309,33.086353,70.166696,44.495258,33.581230,22.540810,38.103441,67.512124,30.112876,30.585378,64.477552,5.486214,20.702789,44.667309,36.169903,57.955286,46.868155,20.090276,56.151570,66.640983,24.822198,41.194185,46.918251,45.804363,46.345558,21.582838,52.122124,22.985188
98.117763,33.530851,100.092878,97.400132,112.481216,48.459382,94.505152,79.545696,78.137633,56.186944,0.000000,97.067790,97.942334,47.822457,74.367942,33.575990,100.626681,96.509630,73.934462,70.270996,46.524933,102.606280,109.760586,96.765841,35.658248,100.585625,99.595351,51.783627,15.496971,92.011358,108.632102,89.293907,62.999596,65.108010,51.944004,75.371462,95.194476,23.424895,98.938501,64.215414,50.885688,86.587417,100.715882,82.103584,12.527346,67.598913,19.689120,104.504421,72.397354,98.380264,96.517149,76.880826,131.511819,83.702737,49.737826,77.069265,58.762954,120.943374,79.445575,95.474969,77.936031,78.387909,74.654937,87.350576,108.567238,63.734988,117.800013,95.246921,55.048272,17.638811,54.684972,102.976378,80.791060,98.641848,113.656921,85.218293,45.205089,83.117925,64.558547,63.980839,73.855510,39.443693,92.867482,97.136221,102.742336,86.872430,86.069511,69.715150,52.858004,47.001908,97.191946,78.376565,95.034845,119.567102,72.877029,48.539592,69.637055,73.762041,112.422059,65.449383,109.261954,49.608588,56.758404,17.569631,57.335298,98.011779,63.231474,78.500361,75.375990,49.189391,19.508556,104.379372,48.460203,98.474688,77.873087,78.951359,69.614799,94.326854,61.127278,77.737889,31.981787,77.267035,21.007994,69.724615,58.941553,100.251757,113.813501,83.540111,72.875837,81.351272,68.242786,70.304535,54.940609,15.101579,72.510868,37.077734,84.655889,47.492746,24.113220,55.246077,119.209690,82.151312,50.642978,94.968796,86.476512,56.921331,55.465583,78.555501,86.521830,76.857720,89.165126,94.941820,61.491150,127.850986,17.544728,60.343858,57.493684,82.915957,133.114747,88.962264,42.324932,36.008636,54.038171,75.141939,85.945202,95.970532,60.149410,103.210924,58.578941,57.671805,77.128928,48.836579,99.881049,72.361254,80.952809,31.836102,89.635413,46.474845,94.256444,113.349769,74.683749,25.699142,114.432564,56.628086,55.326455,16.855349,56.404750,3.856129,95.334427,37.050579,66.620140,112.253645,51.108434,15.353170,90.615340,64.110675,96.998045,70.770978,106.301001,79.170914
29.695398,63.611116,18.161682,79.034948,71.574136,49.699020,10.446521,18.184235,46.120532,42.844280,97.067790,0.000000,33.844835,55.334281,66.679347,70.416802,55.410272,32.814443,32.882906,68.854042,57.703732,20.006995,51.590148,27.357779,61.557198,9.293502,83.941555,47.277878,81.692675,34.636213,64.558878,18.572651,34.422556,38.019305,67.009676,46.422837,15.236205,75.675365,59.588797,35.925499,51.678121,70.020371,74.700750,16.737124,88.460511,79.926638,81.603603,7.971555,91.492195,16.888810,63.374670,34.905641,60.009436,27.416400,85.685535,29.274582,65.255322,62.474815,36.240115,64.591873,19.179841,101.016971,71.476881,48.196704,31.614786,43.827709,43.624958,34.887333,42.132236,89.118428,42.580203,53.980891,95.328060,15.332579,66.634171,32.785096,52.318482,54.504343,90.331303,33.091354,23.338004,58.646673,22.998611,91.902584,9.864089,53.163615,46.593892,28.839930,48.597153,52.050244,4.273691,22.269860,69.248279,54.705925,88.652144,79.592205,63.315008,51.151102,55.708564,83.571477,22.271869,82.977397,59.276897,89.375376,41.416663,7.161091,33.975671,89.295485,40.394391,59.011862,89.415488,62.726225,63.249754,66.965273,19.213747,70.560506,45.171069,39.700257,36.048992,38.618979,84.747113,34.436339,83.663006,89.356664,38.866117,23.835519,32.084644,40.202145,63.757996,83.587480,39.734400,57.169440,64.924756,88.730772,98.496729,64.113804,32.046601,49.842384,75.109843,52.399527,50.202863,29.958215,86.767941,33.294215,29.059639,43.588290,43.730253,27.213223,39.106347,28.565560,76.717002,38.041901,35.576907,56.101205,79.667067,45.117362,48.050139,18.859566,62.191515,15.092938,82.397505,66.617663,88.227100,35.791682,31.429489,30.961465,88.607615,25.405274,92.753215,83.723847,20.710414,50.063250,51.353031,34.181715,100.705738,86.909454,14.357852,52.829120,18.920804,66.793637,50.839056,71.577980,56.947473,40.838886,44.215438,87.244238,72.088956,98.175172,50.213871,60.064316,90.012740,66.572546,50.084701,81.715838,26.659016,78.970152,45.417187,43.863867,37.476314,23.695169
4.266022,68.366585,51.974814,109.153042,104.484083,51.316284,23.570643,39.918235,73.770529,56.679131,97.942334,33.844835,0.000000,50.146257,92.599219,81.078905,87.815845,65.720972,57.605511,93.512690,72.039863,53.844667,85.197293,60.516516,64.376002,42.999438,114.009532,59.811684,82.944284,6.118318,97.458204,49.760626,41.489851,33.594237,85.610059,73.114025,18.647035,81.731959,91.467923,36.152706,66.581165,98.732700,105.762977,28.482634,93.099416,103.152208,87.971217,38.505461,114.892808,17.283502,94.580902,61.582617,93.299755,16.074822,103.363807,55.166920,86.327316,96.300866,64.158163,95.522077,35.209100,124.752356,97.186144,78.441414,65.413187,64.867269,77.234730,67.479580,51.510147,95.977297,48.231923,86.796400,120.316805,49.095786,99.926684,62.793572,60.611083,83.382744,111.830704,43.345619,36.269137,66.809197,55.459594,120.734124,43.030373,83.046187,76.583439,34.356154,63.473591,51.787816,38.080382,46.611286,99.745847,88.541871,112.469038,97.156594,88.003770,77.327956,89.351651,105.926642,55.355213,100.762152,79.270791,96.227108,43.070646,26.952860,42.348928,114.414218,66.850936,75.347633,96.988463,95.209883,80.012613,98.251017,37.055296,97.435071,69.484730,71.901533,43.990853,20.482282,96.658307,61.250792,91.210811,112.304347,51.607939,57.551190,65.354550,69.642991,89.396812,109.945034,62.524263,82.177437,84.573112,94.549785,121.119518,74.472798,61.846180,53.751460,73.837291,70.543651,83.972987,58.661428,104.648740,65.899153,12.435441,59.091623,57.528877,53.598661,69.459729,23.305418,105.429879,70.438163,45.400584,89.502249,82.634419,64.339374,40.471442,46.047648,95.473782,21.667528,97.858399,62.250960,106.997281,61.709406,12.223466,63.846940,109.075096,59.243554,112.386430,103.884740,41.309871,50.238677,83.884158,26.176791,125.083287,98.783023,45.361499,52.119172,51.821215,100.051047,77.327751,75.753893,90.663780,51.927442,44.010160,93.580425,92.366073,97.723453,82.055814,65.180087,112.089037,99.739332,47.060491,83.608241,9.988612,101.297456,77.817258,68.576749,71.258664,49.495943
50.505737,22.166578,64.547749,92.094535,98.126407,10.655809,49.989282,41.136561,59.312289,29.194042,47.822457,55.334281,50.146257,0.000000,69.079106,38.074139,82.055819,67.970044,46.050913,67.420499,36.318499,67.296900,86.600843,65.688454,17.331383,61.500424,96.124890,27.998235,33.072504,44.192038,92.119584,54.745629,22.730466,18.394071,51.635363,56.995516,49.536432,34.366835,82.969613,19.418719,34.154542,79.861855,91.995265,38.727096,44.059602,72.701595,40.211283,63.292034,83.032108,52.380076,83.221618,50.901830,104.490323,36.503002,64.791205,47.209835,55.914910,99.155604,54.427277,83.130367,37.102692,92.329578,72.276698,68.300521,76.636194,42.806459,88.282586,67.914866,22.325153,47.953207,17.509182,83.017748,90.523070,62.209720,96.459503,58.044811,22.105949,68.465930,77.385242,25.801086,33.037206,24.990938,60.310525,98.813863,63.315130,70.651169,66.378745,26.564917,32.743790,7.686970,56.851435,43.506249,85.294225,94.588431,81.615625,59.368054,63.284876,58.642508,90.364498,73.618673,73.051238,62.695852,49.246455,48.183566,14.748640,54.193311,23.879443,85.582833,53.017870,41.212550,49.344495,88.334136,44.955652,86.453020,37.959228,74.785927,50.538050,69.505119,22.459283,29.928984,52.533224,51.005173,43.985904,80.040006,27.219946,67.024143,80.423956,60.636303,66.097721,84.089954,44.663308,59.688656,52.426716,46.018642,87.300874,32.734104,57.099083,14.086173,23.709269,41.042590,92.246270,53.388449,66.160600,66.927751,38.962300,32.218751,29.303881,47.570878,62.667604,30.219190,85.371377,69.187481,24.373247,100.421736,33.363126,39.706766,9.675790,47.401821,106.492421,43.899481,57.356768,12.293624,69.352200,49.608937,38.253429,66.665912,73.482879,70.014127,75.229384,68.583069,39.407234,8.617525,79.498769,25.099768,93.701944,54.389282,53.062668,6.990121,59.781916,96.336837,59.248413,27.741641,92.294782,24.804388,11.639647,45.394475,59.294504,47.591543,75.563460,20.318171,78.483050,95.510466,5.489235,33.895246,43.255122,69.694180,74.415640,50.757794,77.616403,45.815680
89.648229,53.354726,55.195312,24.047664,38.705013,58.631404,72.854118,53.032218,20.718540,41.306173,74.367942,66.679347,92.599219,69.079106,0.000000,42.188370,30.907235,41.347623,35.185525,4.719896,34.173713,56.139292,42.764757,45.597281,56.708590,62.526101,27.450694,41.260676,65.467180,89.659386,36.111766,48.516974,55.665747,68.298692,22.583649,20.270143,77.064943,53.429284,27.279068,63.423493,34.964263,12.310071,26.393838,64.177723,61.841284,15.503420,54.994449,69.576995,25.683676,80.258716,23.390249,31.966886,65.132240,77.741981,31.484174,38.140706,15.840549,50.881912,30.454841,21.956076,57.392607,34.667677,4.799327,23.081061,53.901443,28.845941,56.874485,38.826201,48.695198,57.527963,54.080729,34.099597,28.650878,56.123700,41.098064,34.776762,47.207058,15.340813,27.116080,52.380558,56.653494,46.658286,46.345385,29.987150,64.466627,19.087116,23.486178,60.667516,36.419270,61.401339,63.490411,46.525135,20.725472,52.715243,22.609428,28.457341,5.813896,15.607296,43.783440,20.017391,61.863565,29.650241,20.494250,57.679060,60.015823,72.686862,54.249073,22.619602,26.438682,29.387011,56.165245,32.012666,27.561492,24.592841,55.570608,5.707416,23.127023,34.586300,53.677413,82.327186,44.255097,32.401540,53.379423,24.174547,45.358629,51.083883,59.876250,27.632234,3.247079,17.350070,30.200825,10.520282,19.875767,59.519490,33.072122,42.150693,35.265951,55.026909,67.621097,28.036960,54.676342,36.761969,31.703630,39.794518,81.448512,38.113746,40.864747,40.025447,29.877811,71.873507,16.489359,36.278462,51.427284,62.420961,61.195163,30.763724,71.629627,48.424747,66.120483,71.738727,34.884625,70.270762,30.729080,31.395887,82.952686,42.295427,27.543126,52.697258,32.396857,24.605559,51.376396,60.797320,32.227469,72.837058,34.105280,45.433276,52.397400,62.093183,50.357579,40.711349,15.850125,56.029887,45.544480,46.717346,61.961302,57.669953,18.560443,77.695524,28.400182,52.404892,25.943265,39.551996,65.499866,64.208237,82.654021,16.564073,32.975679,24.029696,47.382144,44.028858
79.889606,16.150578,69.646791,66.030873,79.386230,31.114616,70.640760,52.232697,44.641816,27.591934,33.575990,70.416802,81.078905,38.074139,42.188370,0.000000,67.069216,63.944907,42.423922,38.616016,13.825230,71.943566,76.246562,64.853203,20.963679,71.910801,68.885041,23.238235,23.285700,75.991140,75.247725,59.040238,40.146614,48.159968,19.729973,41.888276,72.728438,11.242926,65.515185,44.960419,19.328575,54.490724,68.496719,58.256149,21.548175,39.230058,13.977838,76.998849,47.612013,76.200925,63.354956,44.580718,98.167684,65.137896,27.128640,45.944962,26.351925,87.367392,46.772898,62.433172,52.487038,56.111311,43.392632,53.787180,76.512108,31.237712,84.971361,62.463268,30.161481,19.699233,32.849005,69.400674,55.773330,68.671535,80.251085,52.759435,20.470976,49.628271,40.931606,39.381436,49.016129,14.404849,61.613872,68.394766,74.151830,53.332255,52.536185,47.580381,22.105268,32.085130,69.522474,49.240900,62.458182,86.114848,46.903903,22.374032,36.971930,40.186785,78.857166,38.720893,78.711003,25.329394,23.303227,19.938810,38.236316,73.139193,39.647913,51.804690,42.379005,15.679418,19.488628,71.000349,15.073475,65.538003,51.768224,47.301449,36.361590,61.143639,37.708121,63.546445,15.581178,45.014994,14.234589,44.603219,31.947060,68.892389,82.056243,50.342440,40.257249,52.517980,35.989741,36.941449,22.314951,20.335005,50.662212,6.655616,52.317249,27.922662,26.770761,22.140286,85.957952,50.282204,28.480093,62.341034,68.658263,26.989660,26.697165,47.710142,53.379618,57.830458,58.024991,61.884026,36.917680,94.579250,19.006827,28.177022,45.316515,53.627104,99.721639,66.222376,19.361163,33.259903,31.856767,42.844189,69.010240,63.604819,36.682351,71.724962,37.709939,32.268420,49.706665,32.861803,66.309411,55.300867,57.921080,17.705307,60.308405,32.247772,63.663062,79.957677,41.107998,14.812560,80.865600,30.527494,37.985840,18.518448,26.021508,36.471491,61.762271,17.804214,42.400937,78.877510,37.507528,22.021119,71.918019,35.773735,63.538908,37.601208,73.517568,49.239454
83.994771,73.288889,38.417136,26.842119,17.030036,71.626090,64.674722,49.951039,23.563121,53.272531,100.626681,55.410272,87.815845,82.055819,30.907235,67.069216,0.000000,22.644361,36.539869,35.578994,55.061670,37.846158,12.254063,28.181894,75.093400,47.827043,31.376970,55.771756,89.134517,86.867289,10.285042,38.055781,62.051197,74.101834,49.805481,26.257312,69.583036,77.806019,5.309569,69.327334,52.507110,23.878499,20.771791,61.018231,88.379234,45.722685,80.952391,54.700383,53.539371,71.955679,10.669907,31.503228,34.242812,76.196590,62.259087,36.588245,43.371288,20.545476,27.959207,12.561183,55.703934,60.422619,33.954809,14.036426,30.152203,40.312268,28.230090,20.529381,59.741344,85.120241,64.653200,3.369500,52.906669,40.712648,14.406053,26.202022,63.477207,17.698704,57.055235,58.360439,57.239490,65.888567,32.536777,41.254500,49.001428,13.780354,15.817611,63.725028,52.050156,74.821366,51.257212,43.804487,17.539181,21.883274,50.399770,58.641121,33.180340,26.932862,12.880286,50.275597,41.124624,60.268318,43.916316,85.309693,69.050885,62.520984,60.552638,47.758424,29.088484,51.624761,84.097951,7.394861,52.214076,13.291689,53.745253,29.992982,32.784736,15.914507,61.092036,84.404062,73.170938,31.502982,80.286315,52.986921,54.855307,32.702589,35.178763,21.558210,30.558151,40.266659,37.531842,30.665567,46.591779,86.610900,60.812940,64.571963,27.241094,68.789776,88.537536,46.442736,24.441827,31.031730,62.551007,22.124487,79.344048,50.586525,53.375295,37.180691,20.072329,72.601580,28.650444,17.430855,58.793773,31.675713,85.179995,43.854244,80.933846,42.648077,35.213985,66.292216,64.752767,87.403053,61.632362,32.597883,81.422551,24.472248,58.149235,32.590348,62.982885,55.502737,49.696507,73.499144,4.102040,75.822216,58.752060,74.661965,42.460438,75.689200,36.498124,14.282048,26.028450,78.396435,14.683811,57.254270,71.868999,84.725086,48.369333,103.528536,6.542927,71.099528,55.499790,13.486847,77.163322,88.173429,78.838954,47.341618,10.024800,32.112726,22.167871,40.680460
61.787316,65.043603,15.987934,47.645658,38.836620,58.456273,42.327975,30.139008,22.369945,42.147751,96.509630,32.814443,65.720972,67.970044,41.347623,63.944907,22.644361,0.000000,23.211008,44.994626,50.248021,15.898873,20.232202,5.553962,65.435324,25.245384,52.485074,45.942964,82.875129,65.241819,31.808498,16.432570,45.827194,56.425486,51.690689,24.438032,47.268132,73.095817,27.079916,52.080787,45.628427,40.571407,42.578223,40.186364,85.251678,56.616682,77.655299,32.226065,66.962874,49.489664,31.361775,19.645788,36.694091,55.226852,68.499077,21.022853,46.997945,32.502696,17.172076,32.816220,35.908651,75.518267,45.852483,18.702036,13.211740,32.824967,21.399904,2.601194,46.785565,83.530024,50.691220,21.184976,68.747080,18.112375,34.236895,11.294444,53.620437,26.400243,68.126186,42.381566,38.390189,57.956013,10.308039,61.401709,26.540934,23.573871,17.917169,45.477677,43.847564,61.622622,28.632906,25.209574,37.765961,26.757570,63.843034,63.357182,40.286305,28.517654,24.397580,60.969152,20.736931,66.007368,43.938524,83.759254,53.629677,39.951014,44.468919,62.917435,21.752897,48.646912,83.037824,29.921120,51.178021,34.798194,34.091300,43.466022,28.098149,7.597470,45.608168,64.461306,74.327813,19.279730,78.147745,65.521049,41.708778,10.574758,19.204735,14.954468,39.257184,56.122023,28.267896,34.905572,48.672131,84.275222,74.383908,59.477035,11.913989,56.450172,79.824672,41.828763,24.318403,14.997459,69.212215,1.688062,58.093916,40.444459,42.612365,20.417086,12.021608,52.639239,46.887539,5.736403,43.602359,32.686082,79.501381,36.166770,64.696573,22.556296,38.631490,44.492402,68.261319,75.790250,69.455827,21.378148,60.290091,1.874550,67.784999,11.503257,72.517125,63.790056,30.636898,59.949449,18.563493,56.661640,74.520090,76.226371,20.570877,62.528384,13.971971,34.347114,27.745501,71.735217,26.026943,44.368982,56.703999,82.463340,53.624624,98.778306,17.964119,62.103428,67.153686,34.018777,62.621010,82.269472,57.121241,56.900744,12.753407,26.705304,9.976113,22.445627
54.530762,41.894158,27.399560,52.468046,53.229851,35.985003,37.857258,17.849178,16.549421,18.945473,73.934462,32.882906,57.605511,46.050913,35.185525,42.423922,36.539869,23.211008,0.000000,36.649127,28.620704,29.585815,40.605783,22.837931,42.228776,31.256840,57.196620,22.764015,59.904853,55.047272,46.790618,17.200247,25.535846,37.822493,34.667417,15.550822,41.930838,50.650177,38.295010,32.959547,23.292131,41.387321,50.191327,29.123397,63.147304,47.316796,55.633567,37.525979,59.005313,45.179040,39.789311,5.049862,59.739348,43.316861,53.211943,3.820487,32.402846,53.131472,8.581114,40.233588,22.471949,68.688589,39.879352,23.568589,34.647107,11.820213,44.562844,22.544025,24.076425,62.110140,28.541900,37.166654,63.487725,26.769562,50.833496,12.277416,30.410142,26.511556,57.486401,21.839633,22.473877,34.913066,19.193277,63.255001,33.474755,27.181143,21.557445,27.996494,21.079691,39.195006,30.470586,11.385512,43.694770,49.007096,56.279257,47.257792,31.061419,19.739169,44.321488,50.804457,36.355058,50.518475,26.729945,62.352355,32.559752,38.158568,24.030373,57.484906,9.385882,28.289308,61.885804,43.312279,31.902652,43.367594,20.572765,39.853216,12.465665,23.508697,24.561110,49.568519,54.764218,5.040345,56.612167,56.737638,18.995560,26.506341,39.904774,15.005954,32.045487,52.515932,7.147767,24.996716,32.326142,62.506388,65.850409,37.245946,11.445553,33.636796,56.614277,21.230192,47.280306,8.302187,54.230241,21.861182,46.914820,17.294009,19.401358,5.885044,16.689129,38.214627,48.013454,23.342509,22.279668,55.786353,56.685188,14.316727,44.397246,14.024179,61.609337,36.556948,50.746010,52.911574,55.500030,4.347132,48.619759,22.362962,55.726308,29.392183,59.902715,50.863138,16.295904,37.674197,33.655283,40.425125,68.617025,56.834093,19.634522,40.091952,21.411973,50.754176,19.722241,48.781322,46.261577,21.592815,35.439567,60.765637,39.273772,76.018070,29.997233,38.905922,57.232269,50.012709,40.945919,59.375625,47.732210,46.176302,28.384959,11.296866,33.187102,9.228408
